0.000000000000000000e+00
0.000000000000000000e+00
0.000000000000000000e+00
0.000000000000000000e+00
0.000000000000000000e+00
0.000000000000000000e+00
0.000000000000000000e+00
0.000000000000000000e+00
0.000000000000000000e+00
0.000000000000000000e+00
0.000000000000000000e+00
0.000000000000000000e+00
0.000000000000000000e+00
0.000000000000000000e+00
0.000000000000000000e+00
0.000000000000000000e+00
0.000000000000000000e+00
0.000000000000000000e+00
0.000000000000000000e+00
0.000000000000000000e+00
0.000000000000000000e+00
0.000000000000000000e+00
0.000000000000000000e+00
0.000000000000000000e+00
0.000000000000000000e+00
0.000000000000000000e+00
0.000000000000000000e+00
0.000000000000000000e+00
0.000000000000000000e+00
0.000000000000000000e+00
0.000000000000000000e+00
0.000000000000000000e+00
0.000000000000000000e+00
0.000000000000000000e+00
0.000000000000000000e+00
0.000000000000000000e+00
0.000000000000000000e+00
0.000000000000000000e+00
0.000000000000000000e+00
0.000000000000000000e+00
0.000000000000000000e+00
0.000000000000000000e+00
0.000000000000000000e+00
0.000000000000000000e+00
0.000000000000000000e+00
0.000000000000000000e+00
0.000000000000000000e+00
0.000000000000000000e+00
0.000000000000000000e+00
0.000000000000000000e+00
0.000000000000000000e+00
0.000000000000000000e+00
0.000000000000000000e+00
0.000000000000000000e+00
0.000000000000000000e+00
0.000000000000000000e+00
0.000000000000000000e+00
0.000000000000000000e+00
0.000000000000000000e+00
0.000000000000000000e+00
0.000000000000000000e+00
0.000000000000000000e+00
0.000000000000000000e+00
0.000000000000000000e+00
0.000000000000000000e+00
0.000000000000000000e+00
0.000000000000000000e+00
0.000000000000000000e+00
0.000000000000000000e+00
0.000000000000000000e+00
0.000000000000000000e+00
0.000000000000000000e+00
0.000000000000000000e+00
0.000000000000000000e+00
0.000000000000000000e+00
0.000000000000000000e+00
0.000000000000000000e+00
0.000000000000000000e+00
0.000000000000000000e+00
0.000000000000000000e+00
0.000000000000000000e+00
0.000000000000000000e+00
0.000000000000000000e+00
0.000000000000000000e+00
0.000000000000000000e+00
0.000000000000000000e+00
0.000000000000000000e+00
0.000000000000000000e+00
0.000000000000000000e+00
0.000000000000000000e+00
0.000000000000000000e+00
0.000000000000000000e+00
0.000000000000000000e+00
0.000000000000000000e+00
0.000000000000000000e+00
0.000000000000000000e+00
0.000000000000000000e+00
0.000000000000000000e+00
0.000000000000000000e+00
0.000000000000000000e+00
1.783878784299122060e+02
2.997152288667235212e+02
2.997152288667235212e+02
3.514002665134553922e+02
2.997152288667235212e+02
2.997152288667235212e+02
2.997152288667235212e+02
2.997152288667235212e+02
9.562307476252790366e+02
1.188828123216478389e+03
3.925006733607855836e+02
2.997152288667235212e+02
2.997152288667235212e+02
1.188828123216478389e+03
4.488209345212123935e+02
1.255966523013401684e+03
4.488209345212123935e+02
2.997152288667235212e+02
6.853365163656357026e+02
2.997152288667235212e+02
2.997152288667235212e+02
2.997152288667235212e+02
1.188828123216478389e+03
1.683643982259350423e+03
5.067898395323539944e+02
2.997152288667235212e+02
1.188828123216478389e+03
1.523794535676466467e+03
4.488209345212123935e+02
1.188828123216478389e+03
6.061522026123653859e+02
2.997152288667235212e+02
4.574293213907895733e+03
7.685027582503546455e+02
4.746152141614157358e+02
5.724939480186615128e+02
7.925728277569433885e+03
9.419113739288218312e+02
3.606095090640544186e+03
9.133627752340630650e+02
3.606095090640544186e+03
1.058148752674037723e+03
3.606095090640544186e+03
6.194410890561504175e+02
2.997152288667235212e+02
7.925728277569433885e+03
3.606095090640544186e+03
6.644903834767512762e+02
1.460202671075310900e+04
7.925728277569433885e+03
1.300975847524110577e+03
2.992226779127468035e+03
6.970573060090324589e+02
1.052284819136062879e+03
1.460202671075310900e+04
6.740517275505174439e+03
1.460202671075310900e+04
3.606095090640544186e+03
1.421198266979568416e+03
3.429834665054841480e+03
1.574921836087705742e+03
8.502683291613232086e+02
3.606095090640544186e+03
2.316138820529655732e+03
6.102958999278421288e+02
7.925728277569433885e+03
1.259438336005620840e+03
1.460202671075310900e+04
3.609909908844914753e+03
5.639787880006014120e+02
1.813083219664560147e+03
7.925728277569433885e+03
7.925728277569433885e+03
7.925728277569433885e+03
3.265908223245427507e+03
1.460202671075310900e+04
3.606095090640544186e+03
2.406333246438146671e+04
1.460202671075310900e+04
1.460202671075310900e+04
7.925728277569433885e+03
2.406333246438146671e+04
2.406333246438146671e+04
2.406333246438146671e+04
1.355518813015001115e+03
3.672090066916737851e+04
1.454318626893355031e+03
1.424166455736278749e+03
1.572194835012418707e+03
1.746021799368312259e+03
3.330076421772601407e+03
2.406333246438146671e+04
3.030000473492876608e+03
2.406333246438146671e+04
3.930157934468548319e+03
3.672090066916737851e+04
1.460202671075310900e+04
5.297506474927285308e+04
4.100011672897958306e+03
2.406333246438146671e+04
5.297506474927285308e+04
1.460202671075310900e+04
7.322006417702281033e+04
7.322006417702281033e+04
5.068842758479924669e+03
2.406333246438146671e+04
3.466459721933279980e+03
2.406333246438146671e+04
5.750672541254037242e+03
3.672090066916737851e+04
7.925728277569433885e+03
5.297506474927285308e+04
3.596046568125831982e+03
7.925728277569433885e+03
4.129090546455726326e+03
2.406333246438146671e+04
2.406333246438146671e+04
3.672090066916737851e+04
3.672090066916737851e+04
3.672090066916737851e+04
3.768735031632044411e+03
9.784816571680488414e+04
8.040494889425978727e+03
4.129856375676683456e+03
2.406333246438146671e+04
5.132231671378867759e+03
7.322006417702281033e+04
5.297506474927285308e+04
9.784816571680488414e+04
9.784816571680488414e+04
7.925728277569433885e+03
1.272534174300616869e+05
7.961328528007616114e+03
5.297506474927285308e+04
3.672090066916737851e+04
7.322006417702281033e+04
9.784816571680488414e+04
1.618352425563441357e+05
2.020020158850770677e+05
4.941578527349521755e+04
6.290613582925547234e+04
7.322006417702281033e+04
1.272534174300616869e+05
8.038730070279117172e+03
4.571543126895537171e+03
9.784816571680488414e+04
2.656180294561398841e+04
5.297506474927285308e+04
1.764883827774629754e+04
1.272534174300616869e+05
8.263165817332583174e+03
1.159322694008550607e+05
1.618352425563441357e+05
1.618352425563441357e+05
1.473658718066891197e+04
2.020020158850770677e+05
5.768554568988591200e+04
2.020020158850770677e+05
2.020020158850770677e+05
7.322006417702281033e+04
7.322006417702281033e+04
2.020020158850770677e+05
2.481747333159641130e+05
1.460502100635770512e+04
3.007908709819075302e+05
2.020020158850770677e+05
2.481747333159641130e+05
9.784816571680488414e+04
1.045534983490217746e+04
2.020020158850770677e+05
3.007908709819075302e+05
2.020020158850770677e+05
3.007908709819075302e+05
4.233931197633033298e+04
1.582244074305218783e+04
3.603085267120659119e+05
2.481747333159641130e+05
3.603085267120659119e+05
2.481747333159641130e+05
3.007908709819075302e+05
2.481747333159641130e+05
3.007908709819075302e+05
3.007908709819075302e+05
2.020020158850770677e+05
2.020020158850770677e+05
2.481747333159641130e+05
2.481747333159641130e+05
3.603085267120659119e+05
3.603085267120659119e+05
3.007908709819075302e+05
3.007908709819075302e+05
1.618352425563441357e+05
6.537098602022004779e+05
3.603085267120659119e+05
3.603085267120659119e+05
2.481747333159641130e+05
4.272109405610528775e+05
3.007908709819075302e+05
2.481747333159641130e+05
5.196665704720963724e+06
3.603085267120659119e+05
5.020115013087630505e+05
5.897661829938926967e+05
5.020115013087630505e+05
5.020115013087630505e+05
3.007908709819075302e+05
7.230323615811112104e+05
6.775458105044462718e+05
4.272109405610528775e+05
4.272109405610528775e+05
7.795115710067878244e+05
5.020115013087630505e+05
8.918552537953264546e+05
5.020115013087630505e+05
1.015343222106101806e+06
8.356545622216047486e+05
5.741514612817511894e+06
3.007908709819075302e+05
4.272109405610528775e+05
5.020115013087630505e+05
4.272109405610528775e+05
8.918552537953264546e+05
4.272109405610528775e+05
4.665364408138158731e+06
4.272109405610528775e+05
3.768802790578001877e+05
8.918552537953264546e+05
5.852593620212596143e+05
1.015343222106101806e+06
5.741514612817511894e+06
4.272109405610528775e+05
7.795115710067878244e+05
3.603085267120659119e+05
7.795115710067878244e+05
4.272109405610528775e+05
1.015343222106101806e+06
8.049032419351247372e+05
4.272109405610528775e+05
3.603085267120659119e+05
4.272109405610528775e+05
5.906911828167350031e+05
7.795115710067878244e+05
8.918552537953264546e+05
5.020115013087630505e+05
6.775458105044462718e+05
5.852593620212596143e+05
5.020115013087630505e+05
8.918552537953264546e+05
5.020115013087630505e+05
4.485431151290909387e+06
5.020115013087630505e+05
