3.870224911387813336e+02
1.097353453589155606e+03
7.575447549148991584e+02
1.074434514710709891e+03
2.083835634606441090e+03
2.083835634606441090e+03
1.413855119623888868e+03
1.737869699196433885e+03
2.500752087030424718e+03
2.001347467731460711e+04
9.956665364824262724e+03
1.717479805318128274e+04
4.659556773768866265e+02
8.658977752781779600e+02
8.658977752781779600e+02
1.892069980251236075e+03
7.211747740961985755e+02
4.659556773768866265e+02
8.502345887217268682e+03
2.493451044947993068e+04
2.493451044947993068e+04
2.493451044947993068e+04
2.074711691410943604e+04
2.074711691410943604e+04
3.027382245442466228e+04
3.027382245442466228e+04
3.027382245442466228e+04
3.027382245442466228e+04
1.144896564532943785e+03
2.604814168647572842e+03
3.111498514209928317e+02
3.111498514209928317e+02
6.919420090424919181e+02
1.717479805318128274e+04
1.731055433190844633e+04
1.731055433190844633e+04
1.731055433190844633e+04
3.153964704878003613e+04
9.956665364824262724e+03
6.919420090424919181e+02
2.299202454161157220e+03
2.908707868661483644e+02
8.960105974254878447e+02
4.766486649754335758e+02
2.779584679350984970e+02
9.234356549061808437e+02
6.109665851497535186e+03
6.162146972365483634e+03
2.021997715054401488e+04
8.715278787446839033e+02
3.030398962707875762e+04
3.030398962707875762e+04
3.030398962707875762e+04
3.030398962707875762e+04
3.030398962707875762e+04
3.030398962707875762e+04
4.766750145909702042e+03
7.958583272106642426e+02
5.232495843269657598e+02
2.780590466631802883e+03
2.780590466631802883e+03
5.712588019564340129e+02
1.610752389720187693e+03
2.529079413580479013e+03
9.115513527217337469e+03
1.416171647480650108e+03
5.712588019564340129e+02
3.371265622546552095e+03
3.371265622546552095e+03
2.902230453052768098e+03
5.215656695429514002e+03
3.135900917842271156e+03
2.203656242945424674e+04
2.203656242945424674e+04
3.135900917842271156e+03
1.154724120786862477e+04
1.154724120786862477e+04
8.242988642309042916e+03
2.592709960324689291e+03
2.225296389635240303e+03
3.491463956616533778e+03
3.697723738528091417e+03
1.812644644972852120e+03
2.491948206631761786e+04
2.491948206631761786e+04
2.565256452282929968e+04
2.782793874163825421e+03
2.782793874163825421e+03
2.782793874163825421e+03
3.066630088144805086e+03
3.782499704117725287e+03
1.630990625702159741e+04
4.448347499573074856e+03
2.786994378195979607e+03
3.764563989835493430e+03
5.123139363566793691e+03
5.123139363566793691e+03
5.712260058060031952e+03
4.969405244980151474e+04
1.915735613768724988e+03
6.622622654086119837e+03
9.519197859935451561e+03
9.519197859935451561e+03
9.519197859935451561e+03
6.858930381669218150e+03
6.199225667932627402e+03
2.702844390176864181e+03
7.751078033105090071e+03
2.973201134799280408e+04
2.973201134799280408e+04
2.973201134799280408e+04
9.120580986080722141e+03
6.634846467237334764e+03
6.634846467237334764e+03
3.834791909098948963e+04
9.120580986080722141e+03
5.618714437742395967e+04
5.618714437742395967e+04
6.622622654086119837e+03
3.202805697410862194e+04
3.202805697410862194e+04
3.490632561827288009e+04
5.397196528305268293e+04
4.969405244980151474e+04
9.711384701070042865e+03
4.392370052065078926e+04
4.392370052065078926e+04
4.392370052065078926e+04
5.225125724439550686e+04
6.527542437215902282e+03
5.225125724439550686e+04
5.225125724439550686e+04
5.225125724439550686e+04
5.225125724439550686e+04
5.225125724439550686e+04
5.049913477094111295e+04
5.049913477094111295e+04
5.049913477094111295e+04
5.049913477094111295e+04
1.789822145082457428e+04
8.547057801786642813e+03
5.918491823337488313e+03
1.083841695316034384e+04
2.032312643442435001e+04
1.191145147056567839e+04
3.246817176197906156e+04
3.208036586752328003e+04
7.850638678937772966e+03
3.615918788437419425e+04
4.432564497804488929e+04
4.139277172568265814e+04
7.742316113544849031e+03
4.775863924023861182e+04
2.917390701005613300e+04
5.303807015573384706e+04
5.303807015573384706e+04
5.303807015573384706e+04
5.303807015573384706e+04
5.303807015573384706e+04
3.422378396328302188e+04
1.893383591007559153e+04
1.893383591007559153e+04
6.187695628935627610e+04
6.260524776292723254e+04
6.871283974938686879e+04
6.700197288968536304e+04
3.560742356028699578e+04
4.267938482631345687e+04
4.267938482631345687e+04
3.845039885526883882e+04
4.267938482631345687e+04
2.677849355976861989e+04
3.695007463058162830e+04
2.817433981054704418e+04
2.826390661445474689e+04
4.951515503843584156e+04
4.951515503843584156e+04
4.951515503843584156e+04
2.137833084341540234e+04
2.137833084341540234e+04
2.894044996484095100e+04
2.894044996484095100e+04
3.846715550515617360e+04
