,simulated_ts,tsdate,tsdate_inferred,relate
859.0,1329.8201720554566,1671.7225593751862,515.5252379063663,1631.8779995851407
1465.0,6254.0141942124255,11258.299064568786,11340.058412966939,3814.257607280872
1666.0,6539.467014722761,8161.6915100109345,5421.864859610159,9715.509224636658
2134.0,21959.50249206115,19129.13399856433,15823.76071232887,22425.84124161232
2141.0,6539.467014722761,8161.6915100109345,5421.864859610159,9715.509224636658
2840.0,828.5499340778179,1014.4851192144484,2547.267015021796,2265.4692940580767
2952.0,47266.4276043974,47846.68390102682,35632.48684552349,41377.141089253615
3272.0,47266.4276043974,47846.68390102682,35632.48684552349,41377.141089253615
3284.0,146.39328956017957,185.82703145965084,353.391826121128,350.1792020737382
3806.0,14082.868243197638,18190.84687778608,32598.639539841584,15334.977864477014
4029.0,38750.18663532789,48921.484163043395,35632.48684552349,41377.141089253615
4079.0,18002.943381046876,19558.839812165468,7690.8140174989785,22425.84124161232
4088.0,0.0,0.0,0.0,0.0
4577.0,1329.8201720554566,1671.7225593751862,515.5252379063663,1631.8779995851407
5065.0,7771.964779285702,11445.985776218777,10651.22842359693,13354.805379862337
5103.0,13050.322978225962,17784.760332813108,7690.8140174989785,22425.84124161232
5245.0,0.0,0.0,0.0,0.0
5486.0,13050.322978225962,17784.760332813108,7690.8140174989785,22425.84124161232
5531.0,7771.964779285702,11445.985776218777,10651.22842359693,13354.805379862337
6189.0,1412.1711995083335,2375.5659350234423,1511.213497012663,1920.171383653032
6239.0,623.7510030457502,576.8261514602594,1681.4751804590826,1781.2316348358515
6362.0,10605.24108364664,14474.843235911552,7690.8140174989785,22425.84124161232
6992.0,2114.9406731050503,3176.378024724923,2313.0726076437763,1625.508189551809
7163.0,194.8274790078705,740.4683028273549,2268.0883800285364,371.1682670110687
7357.0,7696.49120274317,11445.98261479483,9782.673314108812,13354.805379862337
7803.0,7145.53138509134,8916.601142144744,5421.864859610159,9715.509224636658
8119.0,12888.397991117408,16650.748211736653,23379.36021423913,5730.412389802325
8261.0,0.0,0.0,0.0,0.0
8299.0,49.094237451311436,154.73476793977534,154.73476793977534,103.4635132585396
9336.0,5492.27299743437,8040.782872632176,5232.533754448793,1582.9538095598368
9429.0,957.6461244186444,1059.704797621399,2547.267015021796,1942.9438130733479
10800.0,5136.597201278384,6832.79072097143,5421.864859610159,9373.909555569651
11014.0,118.84646397599151,400.5484812243265,676.6728246743959,243.7299281237329
11112.0,350.3653801318879,180.31413726431913,404.7772587404341,143.31778701856933
11758.0,0.0,0.0,0.0,0.0
12205.0,5266.41918495161,6981.797337672445,8083.755640560343,3889.5715171468437
13009.0,2047.410127130558,3824.6569218423638,2576.7496646932514,1456.639065897932
13478.0,80.6018978740829,155.77453403689776,128.68655512932108,256.8948719643894
13510.0,5136.597201278384,6832.79072097143,20739.652046888663,9373.909555569651
13645.0,6067.977754972132,7123.695316777259,2265.633231514914,1076.2598481779387
13747.0,1304.5043864291085,1269.9261722670456,2347.3329939850487,1594.5229207195487
14576.0,52.24830260187351,119.3859586284516,77.06286725803525,160.93354382321917
15996.0,0.0,0.0,0.0,0.0
16399.0,1778.247541232329,1752.5454221397015,2174.4198039412527,470.76137235971265
16425.0,362.4614761826774,555.2197898283864,589.1363037385238,536.4483272944376
17210.0,14125.0914325312,18314.93915051541,8417.350053276357,16416.0642874594
17555.0,26228.472194525068,33377.830681262116,28113.068019700437,22817.979941265618
17728.0,598.7127079541938,785.5881987650478,1479.1740816863642,1223.280943647043
18220.0,606.2687796825783,630.8489690051241,552.8303339977359,1859.1998659073747
18424.0,3848.01436912664,5898.922642299513,8509.800514498145,2805.011231991772
18852.0,18.645177243070044,63.79831002277772,55.574408148479776,73.42464968115272
19124.0,20138.457651939752,24432.747709899846,13461.442471890656,0.0
20001.0,2197.0131421126516,2452.15067842279,5697.810906746792,557.1317346283553
20212.0,6067.977754972132,7123.695316777259,5336.396412925011,7600.5506974823875
20546.0,0.0,0.0,0.0,0.0
20626.0,2767.5924966053444,4158.939259039572,4420.195930552486,2203.608367519056
20749.0,0.0,0.0,0.0,0.0
21369.0,0.0,0.0,0.0,0.0
21424.0,630.2331472054937,749.1025660797227,227.92845592882884,572.6375870915216
21553.0,890.4172719389302,1808.9088616890556,6247.175667569104,1522.9338528642668
21712.0,14668.609397388118,19959.295692938493,20256.46998336544,20579.62747281884
22017.0,9882.45671327426,13302.41073392514,7251.52991719595,3969.895954732315
22084.0,0.0,0.0,0.0,0.0
23334.0,16638.878756677685,22894.7624849097,28077.87839778047,21858.57166307991
23347.0,1066.117597454673,773.4438751860458,87.29770353998381,628.3012179997744
23526.0,5266.41918495161,6981.797337672445,3769.720569796002,1666.1622970167102
23543.0,6411.453696394279,8825.815697581975,18181.147987769633,6349.355773037135
23729.0,0.0,0.0,0.0,0.0
23786.0,2767.5924966053444,4158.939259039572,4420.195930552486,4650.423058754977
24295.0,1146.815991484269,801.8266885235424,87.29770353998381,628.3012179997744
24597.0,2047.410127130558,3824.6569218423638,7330.341282030581,1815.1597751162294
25315.0,1403.152957916647,1927.1758731926575,1705.0894357207712,1517.5791981969178
25591.0,265.65419846612474,448.02023340375496,355.1154128729407,296.9917438414745
25792.0,5488.181808884502,6755.572828805348,5336.396412925011,4650.423058754977
26033.0,0.0,0.0,0.0,0.0
26130.0,810.341189332485,808.9174794668276,1888.644241395226,369.5135531695691
26137.0,145.22051095091786,138.50889465130177,209.27133347361172,134.5313070169914
26649.0,2767.5924966053444,4158.939259039572,4542.608021463433,4650.423058754977
26957.0,0.0,0.0,0.0,0.0
27351.0,9884.654813083494,14348.588535063347,22544.768296946168,20579.62747281884
27357.0,273.1149419552184,291.6036983578076,397.49823089509175,0.0
27483.0,5592.949751789213,8491.630500410456,12071.409963020624,2528.2053769423082
28045.0,145.22051095091786,138.50889465130177,209.27133347361172,134.5313070169914
28602.0,0.0,0.0,0.0,0.0
29278.0,0.0,0.0,0.0,0.0
29648.0,968.0950350740661,1208.9931088671938,443.4784224708274,329.2933657257613
29695.0,615.5006310787004,988.0810274660412,503.4592852836817,389.442100899479
30137.0,0.0,0.0,0.0,0.0
30535.0,466.89115330382896,587.1867280532123,582.1787430360791,684.3894050319599
30623.0,1476.0950237198997,845.4150760105547,87.29770353998381,628.3012179997744
30625.0,6604.703296619795,6508.25613403919,6192.470241713755,2161.2509251819884
30724.0,20697.794365061458,23951.88115471929,21308.73443847258,21858.57166307991
30755.0,173.04737367021139,609.8166145883466,1966.847181240183,201.41781573882682
32204.0,36814.64527785624,32384.243396830112,32598.57953984159,16507.16928034604
32426.0,0.0,0.0,0.0,0.0
32512.0,9710.502191720585,10450.052670554198,12189.005472269631,10195.003427660042
33214.0,0.0,0.0,0.0,0.0
33357.0,166.4992057932913,275.9496050640009,267.5148052978505,451.72714378261577
33674.0,21913.780294497912,22039.6102611171,13574.473417942618,4334.44555467017
33922.0,47.13852272130231,55.52414242296181,76.74427305301543,42.06388589158163
34516.0,2366.203765556577,3267.413119443917,5999.011243421859,1024.6879484994445
35127.0,5771.195792854464,8238.664643688915,14405.278127120535,9327.064421456516
35910.0,265.65419846612474,448.02023340375496,355.1154128729407,379.38317349613703
36202.0,11770.289647125504,13388.139894564476,13884.856612684196,12379.618907704713
36520.0,5771.195792854464,8238.664643688915,14405.278127120535,9327.064421456516
36793.0,1073.3272719619067,1718.2181640009958,1496.9231126144302,1139.6030285674042
37213.0,30036.188928485917,27284.637949041447,18455.615355826096,12996.900686702196
38056.0,18401.328223602253,18982.696152882556,17181.152652887675,7298.538870554846
39984.0,1890.8370673752086,2319.5261665933263,2884.473369746895,694.92789928884
40709.0,262.950044304402,638.5687970629135,1273.4806934190838,643.6590057880026
41408.0,615.6499647079471,779.0435249664231,348.501905880204,487.46433131563583
41710.0,14397.318191311837,20080.408621293143,15193.294299370444,7298.538870554846
41928.0,0.0,0.0,0.0,0.0
42046.0,0.0,0.0,0.0,0.0
42369.0,1730.0651474768538,2045.5921506172342,3262.3743191588637,1725.172829081191
42826.0,0.0,0.0,0.0,0.0
43616.0,0.0,0.0,0.0,0.0
45629.0,5538.121805602827,7402.523565235748,2114.456407755907,2404.349834362712
45876.0,15819.036500393098,23415.14006576162,16232.068713789537,9558.403156280865
45919.0,5622.612555820386,9176.087279119276,5053.165690181191,2597.9279006161814
45951.0,5412.7539344864335,7619.984157763035,9328.37955474689,2998.356241743132
46393.0,5488.181808884502,6755.572828805348,12467.455994187918,4572.4447782340685
47006.0,160.4980343522458,391.5478061368802,362.5328312968823,292.9969838769676
47047.0,118.84646397599151,400.5484812243265,676.6728246743959,306.6761832291513
47185.0,12902.414033713574,18927.873131101354,25439.286341437404,12811.083602490464
47796.0,24008.909429401647,27977.59691909127,32598.549539836993,19482.765425370188
47902.0,117.29227987872265,166.2684276096069,173.62494033365846,189.50422739348056
48195.0,951.4198480933061,1507.4962810089519,3093.4932152057904,606.5309922831644
48505.0,14397.318191311837,20080.408621293143,24332.042251794825,12811.083602490464
49330.0,0.0,0.0,0.0,0.0
49715.0,628.4797993737792,779.0471166128735,348.501905880204,589.6981948081577
50085.0,7021.14299460093,8682.205446794444,9558.063400383724,1969.9332308684982
50208.0,0.0,0.0,0.0,0.0
50811.0,870.8503257902748,1027.2780442981223,1423.1999590746445,693.5984497820046
52022.0,0.0,0.0,0.0,0.0
52088.0,416.30791848785185,744.7141817572345,784.2027092785585,0.0
53031.0,2734.4297828924296,4152.052265254468,3262.3743191588637,1969.9332308684982
53065.0,3511.7707513754076,5878.414471319883,13113.135612660151,2998.356241743132
53510.0,255.01883581420378,255.60754687473326,120.92764479249053,221.6845240335915
54259.0,0.0,0.0,0.0,0.0
54330.0,788.0780573645214,1500.8040060125534,4369.370744300837,347.0080391431876
54914.0,655.7535490104693,821.085011574986,378.5394722756194,693.5984497820046
54934.0,9094.217525151627,12922.012814397629,6997.5467913461325,1677.833924439484
54976.0,1344.0655300259768,2032.5023295158655,3134.1444396550223,996.8830208404595
55094.0,21901.773793107346,25104.20410041004,13612.685522653137,9762.005593114563
55141.0,0.0,0.0,0.0,0.0
55613.0,199.03008341793102,245.76866701186094,247.73552776379748,148.2920022118523
55806.0,2734.4297828924296,4152.052265254468,3262.3743191588637,2814.14410451917
56018.0,0.0,0.0,0.0,0.0
56119.0,2734.4297828924296,4152.052265254468,3262.3743191588637,2814.14410451917
56306.0,0.0,0.0,0.0,0.0
56551.0,9598.821501092561,13577.805268188786,12800.881447538988,8600.035197253555
56611.0,9094.217525151627,12922.012814397629,6997.5467913461325,8637.904324082318
57952.0,183.67396854010917,393.70489783003404,193.4921999746655,219.68719259893146
58545.0,6016.370407543926,8528.655670306538,8893.305367277473,5435.418180968232
59699.0,15721.123020804127,19157.326292314512,17093.12030675288,11264.439042224873
60216.0,15721.123020804127,19157.326292314512,17093.12030675288,11264.439042224873
60221.0,9094.217525151627,12922.012814397629,13574.373417942616,9117.188825619442
60772.0,1344.0655300259768,2032.5023295158655,3134.1444396550223,712.826058081493
60905.0,8911.910926158549,11608.190135048175,13574.433417942617,16565.546835284367
60908.0,18.27449250787696,72.8752448327621,33.60740498363135,59.213487049826746
61131.0,6016.370407543926,8528.655670306538,5599.721636693529,4202.04005425936
61296.0,11076.353054263283,11917.656233353358,13574.453417942617,16565.546835284367
61715.0,9094.217525151627,12922.012814397629,8554.6522355707,9117.188825619442
62259.0,9094.217525151627,12922.012814397629,8554.6522355707,9117.188825619442
62284.0,2734.4297828924296,4152.052265254468,3262.3743191588637,3222.320562389782
62923.0,13760.2230320766,15702.862609630436,17067.86536221199,12363.925540134898
62980.0,0.0,0.0,0.0,0.0
62987.0,410.4554165135227,603.5387832752054,695.7936474375257,247.0827653196394
63371.0,9094.217525151627,12922.012814397629,13574.393417942616,6914.2303277371375
63958.0,0.0,0.0,0.0,0.0
64191.0,1242.4178106808063,1671.7189346578689,1631.199845886035,582.8395448577593
64313.0,410.4554165135227,603.5387832752054,695.7936474375257,244.48003872504603
64327.0,0.0,0.0,0.0,0.0
65157.0,3709.054593026955,5396.373592505452,6350.224301992134,2757.135723318676
65432.0,538.803090312676,765.7612274831977,168.41372378254874,360.5776107081525
66103.0,15584.358845470482,20461.568317596208,19405.88636603794,7653.258421352307
66649.0,139.22059637237666,114.147300833105,83.96142222053076,296.45439442180646
66976.0,0.0,0.0,0.0,0.0
67483.0,1858.2390174429713,2590.1468175068826,3105.9988675003938,963.4507083136117
67727.0,0.0,0.0,0.0,0.0
69979.0,237.0523584460822,534.6078445331493,1282.3918027333114,950.9708847067822
70163.0,1988.9635424190158,2590.152433612455,3105.9988675003938,963.4507083136117
70819.0,21037.961946545332,24685.312141263585,27617.761239664313,10216.133693477195
70823.0,1688.1569711675538,1490.0670897609893,1538.61988946586,1989.6080506371097
70831.0,15297.073376674856,16378.36139802869,21993.037257341482,9181.37439074347
71327.0,2345.7590837684174,3778.6293209131168,3618.445477067277,2799.5258544617873
71658.0,50.905171198195184,58.635314280369336,162.6659220159694,0.0
71697.0,332.5786825814749,557.700008391352,290.58901554342066,138.41020984884025
71715.0,0.0,0.0,0.0,0.0
72454.0,232.4166066526899,440.6625100700686,587.3092039313906,453.4880057851585
72581.0,17656.197445830458,21750.454072754,32598.459539841602,9441.82407398062
72655.0,849.619439446037,1556.1768345874586,2106.7358626185705,720.174428219303
72701.0,2345.7590837684174,3778.6293209131168,3618.445477067277,2021.6543254226226
73215.0,5648.329090695297,7023.52262528008,2797.4006426992205,2206.3881098075194
73784.0,7015.730481076237,8062.059260925265,8357.598118558728,1748.7188843264657
74233.0,669.395322512099,1556.5607121463784,1631.2543108341963,419.2515327938587
74303.0,1688.1569711675538,1490.0670897609893,1538.61988946586,2269.796602341276
74445.0,1295.5735470724712,1867.7382771885602,2880.7417518299794,943.488634043887
75198.0,17656.197445830458,21750.454072754,19405.92636603794,7583.797103034864
75250.0,2675.332722198615,4668.894693913215,13102.785206465865,2441.255834606443
75546.0,0.0,0.0,0.0,0.0
76406.0,1471.5147739808576,1862.6552692634014,1966.8789161405161,847.6778738766277
76706.0,17656.197445830458,21750.454072754,19405.92636603794,7583.797103034864
76979.0,0.0,0.0,13574.413417942616,0.0
78596.0,0.0,0.0,0.0,0.0
78850.0,4744.423732981292,6833.028052163119,2797.4006426992205,6871.184212346515
79258.0,1988.9635424190158,2590.152433612455,5484.181591025516,1221.0013317928856
79593.0,1344.0655300259768,2032.5023295158655,4532.953195516844,1116.6848321885634
79813.0,354.9017447634263,706.6517950850115,238.8487642597491,593.1298581255204
80472.0,239.12487667650473,312.34089845244995,267.5148052978505,353.35733290820497
80617.0,5855.236486034514,8062.053540284201,8357.578118558728,3021.5978388925287
80644.0,3039.832489252761,4330.663410513136,931.856798885041,2073.7638538416086
80758.0,3783.0315827486415,6043.451656618515,2797.4006426992205,6871.184212346515
81306.0,363.7059690048194,679.4991520201386,559.0138595917082,665.9298063910339
81635.0,149.69010041953646,221.67447046216324,196.36431591155636,201.20634629156206
82740.0,0.0,0.0,0.0,0.0
83325.0,9066.43928857756,11460.258256149173,2797.4006426992205,6871.184212346515
83523.0,5855.236486034514,8062.053540284201,10776.112814147367,9986.876260573172
83736.0,473.7376995261312,842.4645489041502,1229.1329624346217,648.620415947571
83915.0,9066.43928857756,11460.258256149173,2797.4006426992205,10491.786718381192
84691.0,0.0,0.0,0.0,0.0
84769.0,1288.5085506554733,1313.4246833249726,425.9649978762622,468.8915495005215
84978.0,75.65777158683855,221.59150106415262,214.9539545297612,448.9919367650159
85020.0,10553.794062131044,10134.639715631549,2797.4006426992205,10491.786718381192
85224.0,2124.580043165707,2454.0094958388513,2269.640021022456,2023.7930323528637
85467.0,7805.319675863461,9055.692715054533,7777.416216331594,3962.9903704147455
86276.0,5077.054365001633,8528.64961856284,11310.119006489205,6835.24422914061
86430.0,36701.65451814269,36080.408191496295,35632.726845523466,25081.112179486776
86901.0,975.0683664115393,1829.1221334111956,1055.9587718082553,2912.447282269672
87615.0,1288.5085506554733,1313.4246833249726,1413.1764378955822,1674.8911696405828
87718.0,2124.580043165707,2454.0094958388513,2269.640021022456,2023.7930323528637
87994.0,12253.522357408187,10490.734104436302,2797.4006426992205,10491.786718381192
88190.0,363.7059690048194,679.4991520201386,884.0346277015137,811.3769739769548
88571.0,6587.512546802568,8203.2070806919,3698.849851249365,4101.229999402618
88624.0,354.9017447634263,706.6517950850115,238.8487642597491,658.2256477379167
90020.0,17293.883100691826,17770.807671603667,26296.12090591507,9130.748661473493
90625.0,2928.4756444226423,2872.3150776280368,746.6274789032815,1808.5862840848927
90690.0,8.33398236428071,41.60219821368294,51.85349390545298,28.58658414431497
90976.0,40382.336920603215,27849.649693806583,26296.12090591507,9130.748661473493
91132.0,69.24438742322914,123.33211580618656,234.6765075220397,56.4600338354486
92212.0,718.7386634532144,832.1919726722555,104.80013731744516,261.6092937760431
92456.0,523.3736461017479,668.710227024702,571.8714739264967,504.40648052934455
92513.0,15046.363754705613,15977.32419718786,20326.65329610916,11020.48316209412
94413.0,3648.410851173932,5742.150252642856,4638.458374967624,2327.1890678240993
94813.0,499.3967714441454,705.7535584566599,444.3224475028881,385.1093999527926
95472.0,5395.522400758621,7433.49094131989,4002.1000976793252,636.0515962325698
95550.0,12743.826790961444,15674.07044051765,8037.919698494936,8676.63684073501
96027.0,0.0,0.0,0.0,0.0
96691.0,1241.629636221854,1417.8017421200122,317.32023819512716,1868.362993213578
96944.0,16332.805940876748,20461.597355709626,22691.53429569901,16408.802324362372
96957.0,3648.410851173932,5742.150252642856,4638.478374967624,2403.362797893818
97173.0,3935.0362551966496,5088.783598899502,7315.0347149340205,6908.997316543117
97225.0,4210.043823217143,6482.005922104736,3724.1268800696503,1903.6800584657076
99116.0,0.0,0.0,0.0,0.0
99120.0,1564.1564972513418,2550.7228700162964,1705.653521793675,555.8290771487221
99135.0,1961.2173444313567,2137.121944303229,3983.5024019764846,1772.981564624968
99453.0,265.5603895181236,533.8509887239878,267.5148052978505,617.2354180537601
99823.0,4516.770822300375,6243.870939799076,8357.56811846899,6882.817269403568
100544.0,90.45202392086648,115.80134509806581,108.11428050133925,115.90466682752684
101030.0,27.87984629842484,117.10887073063498,132.6476401908948,65.11140211053667
101563.0,3679.1949307372906,6090.167542666433,3164.8331117332646,2221.4729139469605
102244.0,501.57553479688175,594.4418961003832,319.4703568013061,577.720040261717
102419.0,3648.410851173932,5742.150252642856,4638.498374967625,5757.316605502949
102647.0,5395.522400758621,7433.49094131989,3763.85027787742,3038.8022317683
103415.0,6.4978178180291915,55.58382698343902,86.5280327197403,100.62452722870303
103678.0,3679.1949307372906,6090.167542666433,3164.8331117332646,1195.2392898244268
103679.0,298.69919819815505,553.1598698645595,230.22882944523678,345.15600912920524
104108.0,110.9571652451644,120.36840490599853,80.27939092796804,52.154445702260126
105439.0,56.70121526177056,90.39526898275112,87.25460813723791,80.94114639662574
105914.0,4210.043823217143,6482.005922104736,3650.9288400284613,3745.4411649897797
106260.0,3648.410851173932,5742.150252642856,4638.498374967625,3430.431038003825
106873.0,1027.279928957663,1009.9123636599419,1413.1764378955822,2099.5448043802257
106998.0,3923.946245744167,6243.870939799076,8455.561161249647,3940.165858615599
108047.0,0.0,0.0,0.0,0.0
108251.0,5566.3331682098315,8191.519477382487,6018.654758272816,3446.415091627821
108688.0,250.5581310443591,666.9827855622896,470.3151464747897,324.6688834951696
108758.0,725.6177376810415,940.6590770996443,920.4072598627348,788.5272736437212
108865.0,5566.3331682098315,8191.519477382487,6018.654758272816,3446.415091627821
110767.0,8154.8812607930995,9973.440375150945,8185.232579885328,6967.997584385345
110770.0,56.70121526177056,90.39526898275112,87.25460813723791,101.58210191515037
110933.0,0.0,0.0,0.0,0.0
111046.0,1285.506133189562,1559.800238356961,746.6074789032797,543.1389537908325
111286.0,425.98103974452465,757.8769453669431,1111.6069727237339,1032.3757781108584
111601.0,200.35124074490392,272.9960487077816,290.58901554342066,448.46385489802856
112221.0,5223.796872369773,6241.781701176028,8237.179507388955,3913.5130925550766
112676.0,13070.234624095094,17294.88990289352,4340.2706922778025,3412.211836800289
113200.0,913.3617774834971,871.0774621350075,751.4577238746499,423.04258734789335
113473.0,0.0,0.0,0.0,0.0
114076.0,913.3617774834971,871.0774621350075,751.4577238746499,423.04258734789335
114175.0,2986.518393207997,3671.517958805647,4756.21903882692,5549.847931430194
114253.0,10686.34951000219,15733.751058570417,4340.2706922778025,1927.5544042905767
114550.0,16704.596427504322,18583.247338868343,12503.531621834634,7038.615402904182
114848.0,137.94548715303145,350.5589765839405,141.57772067790125,290.7993991156103
115214.0,164.5460782069668,364.03387689729016,238.8487642597491,160.02677357242445
115528.0,0.0,0.0,0.0,0.0
115603.0,183.13573756873308,299.24225711785493,612.8993190824616,230.53713998616362
116151.0,0.0,0.0,0.0,0.0
116378.0,60.0314478139414,58.8660564507798,66.64483899919212,60.245743524335396
116622.0,52.24830260187351,119.3859586284516,77.06286725803525,162.0615042908093
116672.0,0.0,0.0,0.0,0.0
116686.0,13631.145255978028,20461.582836658068,19062.687785154314,16714.82391052924
117073.0,0.0,0.0,0.0,0.0
117211.0,1329.4813765756442,1640.7865984537905,630.5376027124096,341.1766510401906
117746.0,15360.224152623654,23963.8197260436,26062.55659470456,16714.82391052924
118415.0,660.37608827647,1048.3398956523804,1580.8006752175756,840.4230765513284
119191.0,0.0,0.0,0.0,0.0
119337.0,4494.982805360738,7174.446624842821,3327.861051493648,3621.931525443296
121469.0,14988.492125047049,13201.107412477388,13880.663435792985,7038.615402904182
121614.0,34279.863378968475,36488.92209350919,32598.519539841596,20763.697992891342
122680.0,34279.863378968475,36488.92209350919,32763.085186223634,28858.002256739812
122925.0,34279.863378968475,36488.92209350919,32763.085186223634,28858.002256739812
122958.0,22043.756231082305,30207.658126592672,15805.796302861909,28653.510038911463
122978.0,34279.863378968475,36488.92209350919,32763.085186223634,28858.002256739812
123037.0,22043.756231082305,30207.658126592672,15805.796302861909,28653.510038911463
123576.0,22043.756231082305,30207.658126592672,19062.60778515431,28653.510038911463
123787.0,0.0,0.0,0.0,0.0
123798.0,307.8662175509151,480.4679199256511,348.501905880204,435.48479741892254
124006.0,5865.051576488936,4626.264684662429,6655.750354189282,3558.148655621347
124077.0,8094.63623955794,9356.31919260182,5291.460802141829,5223.890415341807
124085.0,22043.756231082305,30207.658126592672,19062.60778515431,28653.510038911463
124189.0,6752.453641485485,7583.917791233746,10849.056937186153,8463.92949415341
124302.0,6427.526811669955,4932.607623327177,6655.750354189282,3558.148655621347
124455.0,0.0,0.0,0.0,0.0
124771.0,490.6478567039481,782.0577149241534,2768.7650513064636,885.0035269251756
124980.0,41798.109871106,34964.22964627896,32763.03518622822,28858.002256739812
125517.0,462.0489218810123,685.8574193545162,393.68257197897873,1001.2713860787194
125815.0,7426.4774221442,6327.8501781409,9804.20284900804,6378.2814058333925
125993.0,30874.070798787197,35023.827885511164,32680.734017322142,30163.649057764876
126470.0,15061.406636454925,16643.4626973449,15922.724474178043,5832.868536080682
126672.0,19853.652362196815,28994.767681513506,19062.627785154313,26640.51064375456
127749.0,41798.109871106,34964.22964627896,32598.599539841587,30163.649057764876
128133.0,26878.384395310895,28945.428782681152,19062.66778515431,26640.51064375456
128407.0,41798.109871106,34964.22964627896,32680.723941830605,30163.649057764876
128976.0,41914.78405894069,34475.70305966907,32680.723941830605,30163.649057764876
129266.0,41914.78405894069,34475.70305966907,32680.723941830605,30163.649057764876
129285.0,18093.35060512651,17213.64235713858,15436.457350326971,10065.327126129581
129821.0,0.0,0.0,0.0,0.0
131112.0,3448.22758781371,5984.8541000788455,3033.396200282545,4262.014961564541
131356.0,207.55045165151793,243.9094804391969,75.41818691163523,281.6600869487901
131373.0,0.0,0.0,0.0,0.0
131665.0,304.2762192798175,675.8909368113614,724.7137481372728,272.4583062598753
132665.0,2708.196739633719,3893.014341704678,2862.6916320197956,6148.961627787248
132807.0,21043.352737996334,25061.358608438288,9168.981933450916,12033.438140448474
132942.0,2109.1402811256535,3141.126849304363,3270.4553648077526,2158.5571891219374
133251.0,1344.6464309243147,1025.2285798381117,1141.3576509306054,868.7946590996056
134291.0,38522.19223237321,28929.134572730312,22848.366352184297,8193.287337815023
134536.0,2823.801557087057,5442.749019826813,6038.3625294065505,4127.269494665935
135001.0,38522.19223237321,28929.134572730312,20491.089003201312,8193.287337815023
135240.0,169.92032848618192,491.84716792044406,427.38505103543883,519.1171187198511
135333.0,2028.0823887193685,2620.987312938806,3270.4553648077526,2071.771701998075
135398.0,307.8662175509151,480.4679199256511,348.501905880204,475.4533355903605
135620.0,4391.070256698167,4640.803835934815,3741.142360266623,3646.392985184126
135634.0,155.32705464487515,211.53331289397022,201.12981869669738,451.45768133901544
136011.0,22005.809592276175,22029.187749547647,20491.089003201312,8193.287337815023
136758.0,14211.770045540838,15781.532876901836,7913.060353375498,9118.194510976391
137170.0,0.0,0.0,0.0,0.0
137381.0,0.0,0.0,0.0,0.0
137433.0,725.6177376810415,940.6590770996443,920.4072598627348,396.96955808978595
137532.0,22005.809592276175,22029.187749547647,17358.190830058746,8193.287337815023
138533.0,9234.826040442287,9909.205397709688,11203.922045146772,3821.4931364585755
138897.0,444.2799286932637,610.8469752790078,1078.478283429882,667.1543370915009
139744.0,87.91389221123185,259.298776631709,231.97518195978404,119.91312066492141
139857.0,445.95477490658044,547.4493168053431,378.5394722756194,721.4923475131251
139915.0,184.09501552423876,542.3940441688857,412.6647198509923,413.44060679376906
140274.0,8094.63623955794,9356.31919260182,13880.683435792986,2004.7803031753879
141190.0,8094.63623955794,9356.31919260182,13880.723435792985,2004.7803031753879
141331.0,14211.770045540838,15781.532876901836,7913.060353375498,7746.940996290084
142142.0,0.0,0.0,0.0,0.0
142185.0,0.0,0.0,0.0,0.0
142706.0,137.18412553788508,349.30194751295437,112.3274948981675,160.7239629986767
143326.0,661.2130772802135,1382.6571594359111,1573.7309461302248,1952.6978863101174
143978.0,339.66183653247174,725.0364993486236,829.3433410121592,955.7966717456177
144015.0,26.42262001041706,41.060179897824135,51.34329922889079,0.0
144877.0,137.87617138912995,413.40749438590655,571.3937223328754,532.5015434531622
145135.0,90.45202392086648,115.80134509806581,108.11428050133925,100.44535294975074
145329.0,0.0,0.0,0.0,0.0
145986.0,3448.22758781371,5984.8541000788455,3650.9088400284613,3050.076675675548
146098.0,23374.595920161362,23294.93776894266,27506.878925407425,18435.770576789026
146670.0,35942.517795034444,28075.394307189057,27506.878925407425,18435.770576789026
147225.0,124.11921895685717,317.7098725467675,831.9496576756737,190.83390498546112
147253.0,35942.517795034444,28075.394307189057,14763.547421199912,21201.300450679908
147445.0,0.0,0.0,0.0,0.0
147518.0,1003.2717533487963,1640.1338770402836,641.6081787061942,1014.2792406433251
147522.0,27378.4594475718,27765.01358195068,32598.4395398416,21567.396889750045
148021.0,0.0,0.0,0.0,0.0
148412.0,14211.770045540838,15781.532876901836,32598.4395398416,21567.396889750045
149097.0,155.32705464487515,211.53331289397022,201.12981869669738,531.0214949133416
149478.0,19309.626333244825,31350.95719210035,14315.352529876016,7372.975119990573
150289.0,3848.5641819232933,6617.705697505271,6360.888724354683,3263.3313264975104
150514.0,7168.260509979068,11493.816322162636,14817.425553318044,9731.614463695116
151552.0,0.0,0.0,0.0,0.0
151554.0,444.2799286932637,610.8469752790078,1078.478283429882,588.3884791870079
152005.0,7096.695876175141,10302.379137739457,19062.647785154313,6709.839747460442
152344.0,3999.684413940171,5220.42273816075,5653.074991895774,3479.925053532044
152363.0,688.9979173053036,1170.8019912223078,825.5747124242272,1048.0294686696552
152600.0,2825.2051622422887,4959.28799471753,3033.396200282545,3118.02919991138
153065.0,0.0,0.0,0.0,0.0
153925.0,0.0,0.0,0.0,0.0
154041.0,205.64613939391606,452.35622438393807,318.451376789028,558.9046348707443
155415.0,725.6177376810415,940.6590770996443,920.4072598627348,240.48842120983704
155824.0,773.649421090115,1325.6847808824014,2084.622023636823,898.1122395558364
155978.0,1945.435221779477,1793.1102698282934,2544.237774350153,1141.9127983344438
156232.0,6738.199609287572,9046.403209483558,8357.638118558727,6629.316056728628
156640.0,73.75408499028703,144.60778512233824,214.9539545297612,330.38269067855236
157096.0,6738.199609287572,9046.403209483558,8357.638118558727,6629.316056728628
157365.0,821.7800744397812,1539.0663101736866,1740.4643143183196,1004.5003429566364
158088.0,2559.673775240532,3998.577068127493,3781.6262704152323,2462.0107853947347
158353.0,34.97278941792587,119.03526714598317,120.87264993203736,118.60597055502728
158785.0,10545.749672456079,17123.505575121653,21102.365925360496,6910.472273224168
159151.0,742.395104011557,934.6210626726432,1055.9498174033158,1204.3646410825918
159593.0,2343.637827811422,3978.8322394610104,6655.107043122497,1548.5971610460867
159971.0,3319.405477125041,5075.522883385063,5031.986430477454,6221.710303766964
160056.0,2559.673775240532,3998.577068127493,3781.6262704152323,2462.0107853947347
160074.0,922.2455379214913,1595.2748730215508,3168.8664315385167,2002.1937536612184
161032.0,896.125922345513,888.6668909039951,1654.7767067571183,597.8439976850149
161503.0,3319.405477125041,5075.522883385063,5031.986430477454,6221.710303766964
161994.0,6738.199609287572,9046.403209483558,8432.302903666421,12721.918574177402
162873.0,6271.954807443925,9311.704679893988,5513.946836584636,6618.858534520888
163221.0,0.0,0.0,0.0,0.0
163604.0,0.0,0.0,0.0,0.0
163656.0,0.0,0.0,0.0,0.0
163718.0,3400.309703263787,5378.4195610889865,1375.2365141202501,607.2701665239287
163852.0,8079.362453884811,9909.78829790247,23379.1583328247,10365.522230934628
164189.0,1080.2125096788982,1075.7537926195025,410.28539046859436,1328.3148899677365
165185.0,0.0,0.0,0.0,0.0
165401.0,11831.360929691988,18339.153524909074,32598.4995398416,15735.506486923134
166844.0,742.395104011557,934.6210626726432,1055.9498174033158,1014.058523695748
167469.0,7009.464598968391,10461.379916697162,10867.001801543805,4472.935756580906
167758.0,6652.425690900352,9311.711592329322,5513.946836584636,4273.699656854702
168072.0,144.9381202143838,343.62528680613684,260.0449869430967,260.30324925939743
168144.0,528.2349293241961,871.424348468628,630.5694164507124,517.8907804334809
168355.0,124.11921895685717,317.7098725467675,831.9496576756737,215.8759261659345
169525.0,138.9785499381836,128.58571360856746,108.86509585372185,128.746972605184
169815.0,1097.2874285379253,1851.102455280475,2084.642023636823,1221.9483435235713
170148.0,1837.683789066164,1851.1366156518257,6121.806080297813,2185.739104399242
170442.0,133.38996444590262,116.51871352747149,102.65707888177336,279.46461046078804
170444.0,0.0,0.0,0.0,0.0
170871.0,519.4417171482314,863.8774674773821,884.0346277015137,435.2688030677136
171023.0,320.4300053338816,648.3440035514053,662.0346788554384,654.2884442812665
171071.0,882.2073707178071,1399.1746944411154,2329.295937077378,402.62340202477054
171084.0,3791.750419346818,3239.728526337447,7508.448234573038,5194.61254325094
172227.0,5478.4335550649075,8073.842471912756,13476.709124426976,6199.121916828221
172688.0,6652.425690900352,9311.711592329322,10540.160334981643,10967.690167897706
172805.0,57.26318262928431,68.09265775637002,86.8099990006918,60.571509500754566
173464.0,0.0,0.0,0.0,0.0
173716.0,5478.4335550649075,8073.842471912756,13476.709124426976,6199.121916828221
174002.0,0.0,0.0,0.0,0.0
174221.0,124.11921895685717,317.7098725467675,831.9496576756737,215.8759261659345
174506.0,3616.6271021765124,5802.491058344658,13880.743435792987,7323.356836349026
174533.0,936.1685063135739,1269.2186847940047,641.6081787061942,605.1667187973906
175184.0,2255.6253758417124,1917.0401835784062,3809.349661183855,1530.20438256463
176246.0,16.14452058504832,41.60219821368294,41.60219821368294,39.59051288377053
176330.0,833.7006170681645,1295.0061925450461,1017.760994837537,645.7877993814997
177662.0,377.1168767146433,662.4535627185214,662.0346788554384,654.2884442812665
178392.0,19223.835707288243,26669.886985914625,25983.635768051878,8328.980496081138
178705.0,0.0,0.0,0.0,0.0
180556.0,385.0669930224609,603.931414589953,505.86318903335473,346.92214965320386
181122.0,1716.579307912561,2143.7269801998355,3690.632185386852,1888.4691785252944
181295.0,6185.621512901167,10738.165771968124,13880.763435792987,5298.7007047388515
181589.0,1314.021590734777,1214.3625285085425,1534.7051401312174,917.666460921396
181726.0,55073.35784105833,44266.10955402884,32598.539539841593,22740.772061431864
181841.0,16056.686548404761,22162.207010961367,3321.1227090005427,7230.673703051466
182522.0,39459.706582415274,33515.327488512485,35632.626845523475,18393.795392468626
182549.0,1114.4609648803694,1505.160968741647,630.5376027124096,1403.6377459800658
183391.0,112.78654758617954,167.21946817791232,247.31717028260462,173.0674030590394
183533.0,0.0,0.0,0.0,0.0
183907.0,14.784654317880948,52.5777554149977,43.02198869062497,58.31354456813614
184344.0,3011.159882051195,4501.065279469314,3823.561607876323,2295.6762442469976
184575.0,1142.2707484676725,1957.821344738331,645.6972294873582,754.4295413622136
184624.0,1125.0112429397645,1446.9064743770148,1648.9806454254933,689.9094032110303
184730.0,154.3784258355699,58.720547499236105,191.83630346107176,144.06200667212713
184780.0,264.02835104684897,353.31297451754557,327.2387141469897,203.9642876682092
184950.0,164.5460782069668,364.03387689729016,598.1486845745553,206.95068315905604
185138.0,0.0,0.0,0.0,0.0
185843.0,6738.321360539489,9195.587698684012,19062.66778515431,4436.900757307965
186158.0,26433.88153860906,30079.314430015853,35632.526845523484,18393.795392468626
187032.0,14745.509306868275,22049.757499464868,32598.4795398416,13445.472050842991
187100.0,0.0,0.0,0.0,0.0
187256.0,25762.649982645544,25490.6938890916,8124.1774180715665,4085.1027566023354
187572.0,6185.621512901167,10738.165771968124,13880.703435792984,3497.8052625039036
188680.0,21580.613790585016,23758.75326779734,10585.042479327716,2626.0782693781234
189492.0,199.03008341793102,245.76866701186094,247.73552776379748,122.41329728015661
190758.0,304.55056871010123,605.4359533484518,579.951104556221,807.9880375352101
191159.0,331.4053892832218,677.4209668833618,724.7137481372728,633.1366502264736
191168.0,26486.148752765675,31744.85799236875,19420.988978273544,15491.110140658093
191186.0,5063.286543928403,4849.09197713063,1722.1880078211361,2140.2895984258766
191355.0,73.71005929145205,241.77261337727234,184.13424133439986,103.95402106171747
191431.0,35287.24966733235,40600.54828607636,32896.07544853761,24544.856644519234
191507.0,35287.24966733235,40600.54828607636,32896.07544853761,24544.856644519234
192024.0,33080.65537657484,35110.021019749416,32896.07544853761,24544.856644519234
192307.0,0.0,0.0,0.0,0.0
192841.0,13542.3605071463,17742.337992065397,19884.684318590284,11629.551143014936
192957.0,0.0,0.0,0.0,0.0
192988.0,0.0,0.0,0.0,0.0
193446.0,6738.321360539489,9195.587698684012,13430.962370900412,5246.200132248102
193772.0,23028.77922291457,27377.512273768825,14204.909177903632,15491.110140658093
194090.0,47.42017240723859,166.76187689938456,70.05044016423842,81.28440095122804
194312.0,18683.67907455719,25166.562525084657,14204.909177903632,15491.110140658093
194385.0,5680.910353462614,8640.465390411215,16266.691939244856,6681.69373877612
194504.0,0.0,0.0,0.0,0.0
196012.0,6652.425690900352,9311.711592329322,7777.416216383025,4999.496496918465
196118.0,278.5288235273416,142.30070139850557,146.0758478589926,225.6095379233777
196844.0,24706.432230823455,26501.402634591363,32574.10984596816,11262.689233304805
196922.0,24706.432230823455,26501.402634591363,32574.10984596816,11262.689233304805
198893.0,0.0,0.0,0.0,0.0
199204.0,26049.79781317897,24486.98031870977,32549.81826570917,11262.689233304805
199244.0,0.0,0.0,0.0,0.0
199456.0,7557.935298577104,9316.01970004645,2602.3090727811114,4532.6047181725435
199615.0,861.9108094191637,1875.575908407313,673.2394359012903,941.6610325377173
200317.0,0.0,0.0,0.0,0.0
200477.0,2221.554484675209,367.4318386090648,459.3135721529142,335.48045287766024
200588.0,880.3446200781426,661.326650318751,291.3108152057079,212.11062708879064
201999.0,9066.533807480919,12709.764768922678,19062.687785154314,6266.61902750598
202575.0,14342.655763231498,22701.050804477334,19062.707785154314,12624.918939937794
203238.0,0.0,0.0,0.0,0.0
203327.0,1287.570921836177,1456.797032646052,1487.9537624443776,720.3623808681294
203554.0,3618.6428187462607,6396.612055066054,6159.936408857855,2065.754579058219
205581.0,0.0,0.0,0.0,0.0
205845.0,460.87418187492,1069.0247271550193,833.5366165546683,336.07198638386984
206142.0,0.0,0.0,0.0,0.0
208168.0,972.6243129677482,942.6471632437366,1073.7497744203156,325.92263732671285
208552.0,133.72920306159543,472.9549719048644,461.56100334091093,476.4197665011392
208557.0,9386.727983888575,15237.830505165583,7889.650985067546,6469.947333325055
208980.0,2023.4597206750977,3017.4902152307654,2376.6486864432313,1097.7434520733887
209281.0,6889.9060909482005,8757.619493894854,6303.335941147768,3769.716347949803
209284.0,14342.655763231498,22701.050804477334,32763.15518622821,14148.316403374643
210354.0,5304.1215767446765,5952.2686254335185,4905.332174349551,2215.3786507051113
210759.0,1182.8289050618705,2757.9312501740737,5292.356899239716,4155.636215888007
211103.0,0.0,0.0,0.0,0.0
211412.0,140.95657867149,116.81323908345293,102.65707888177336,127.17350463756198
212042.0,79.28754556749422,268.1548949359509,66.8475949699025,258.39469338591306
212499.0,1569.8741750269764,295.7688139391088,459.3135721529142,309.1341850151807
212623.0,234.3382639291461,496.1471404444493,470.2186985278765,709.0466665883142
212998.0,472.0774403842061,870.7969412561292,226.37424318488152,195.71889841811392
213468.0,56.70121526177056,90.39526898275112,87.25460813723791,122.00671668395965
213775.0,1646.4535583665902,2283.134568691018,4977.430898200632,2218.8997376627904
214184.0,539.7442667709207,502.0680433940698,315.37186405582156,1516.123152237311
214196.0,13321.041681391096,20196.5594590039,32598.559539841594,18264.605822190635
214211.0,0.0,0.0,0.0,0.0
214517.0,2202.335727993651,3372.823923482444,3467.4763483505885,1656.2882893989197
214623.0,2329.043837482473,3328.4151214907024,6650.32141604263,3070.1859070746837
214636.0,13321.041681391096,20196.5594590039,19062.74778515431,9248.225314945565
214662.0,13321.041681391096,20196.5594590039,19062.74778515431,9248.225314945565
214720.0,1297.495856666638,1527.3155219226608,1312.4138406902123,790.2037748581058
215133.0,86.02781674192863,88.09400267470492,79.56637173723179,156.95293429528485
215249.0,3712.5406528940407,3136.157276534201,2166.680733705741,885.3538746738504
215269.0,109.93584311896686,215.29385468002724,252.12745782360497,250.37857467483116
215545.0,412.6528836310319,708.472013092489,327.96426410573446,405.28751776979266
215981.0,12990.221328780734,21045.232027010312,23013.90333712133,5881.824570726332
216249.0,1646.4535583665902,2283.134568691018,2188.5468588886665,1949.0609528180487
216459.0,515.8274689598621,745.5741125740625,151.00608199364333,2108.9918631421983
217549.0,909.0094219754103,1675.7744656348643,2768.805051306464,1115.8636891887825
217720.0,13484.91396550333,21102.14921677976,19062.72778515431,12468.967552768754
217886.0,2202.335727993651,3372.823923482444,3467.4763483505885,970.9323469737734
218044.0,13484.91396550333,21102.14921677976,19062.72778515431,12468.967552768754
219462.0,138.9785499381836,128.58571360856746,108.86509585372185,225.73482357846342
221933.0,63.47286374533952,48.65768793078382,47.33435173793894,29.581555997614462
223186.0,129.13153861815564,281.3927984420929,76.1009113689334,96.10355312682253
223377.0,13289.252709314258,21045.249167844162,14863.825875220655,8192.277860155868
225178.0,920.8429638769542,1018.7356077847672,1073.7497744203156,689.174693122143
225291.0,142.06345924358627,287.44983253664975,1176.6131850301044,283.6573641402599
225623.0,880.3446200781426,661.326650318751,291.3108152057079,500.418612088919
225889.0,442.0809914385787,599.5518379550583,657.8121214778411,312.8521074885065
226596.0,76.29727905675846,97.22241705174996,51.1125303714961,46.347369040324175
226711.0,13289.252709314258,21045.249167844162,14863.785875220654,5144.30100601627
227962.0,0.0,0.0,0.0,0.0
228883.0,412.5240495945527,371.8781976466229,380.7931296939287,115.83214399725145
229081.0,5456.339380003201,8248.979082386722,10906.962791985345,2668.9842829248732
229646.0,17664.524877664928,23961.227128047798,32574.089801165086,14678.310058382061
230273.0,215.2382898641163,256.20197077642064,52.66266789015545,71.30670214502982
230340.0,17664.524877664928,23961.227128047798,32574.089801165086,14678.310058382061
230888.0,17664.524877664928,23961.227128047798,32574.089801165086,14678.310058382061
231353.0,690.1491630809365,752.4877916628475,893.0184153870232,768.9553954294098
231766.0,0.0,0.0,0.0,0.0
232198.0,10239.263290784731,8463.954931957416,2898.083963395649,5993.548712741059
232726.0,10239.263290784731,8463.954931957416,2898.083963395649,5993.548712741059
233255.0,14.098703090085483,102.44584278931823,52.90006550362595,67.73520248733298
233456.0,37198.827050581865,28499.93147290046,35632.74684552346,26077.163305275368
233823.0,11174.97008571769,8628.33224987415,2898.083963395649,5993.548712741059
234725.0,158.77930731307413,259.702856736971,218.77058472524877,199.6417131503334
235411.0,0.0,0.0,0.0,0.0
235650.0,3150.8432752436975,4331.6704956018475,2138.2367604018564,1682.7938225284759
235818.0,7312.017984033953,9655.349225073116,15157.67373421545,6698.951944386525
236064.0,21.93844062149711,94.8343100378391,82.4334835049036,101.39063658592937
236768.0,3140.9430198914765,5003.124426930631,2138.2367604018564,1682.7938225284759
236955.0,6388.77113690298,9589.219475846337,32574.079838501242,0.0
237199.0,16581.24193213022,24125.83695205435,18718.600604830026,16448.61403371117
237374.0,16581.24193213022,24125.83695205435,26323.455057907573,16448.61403371117
237862.0,442.0809914385787,599.5518379550583,657.8121214778411,308.804567683187
238090.0,16822.26598527636,24596.258117992715,32549.558265709195,23054.97771957284
238338.0,16822.26598527636,24596.258117992715,32549.558265709195,23054.97771957284
238541.0,9109.575466011098,7160.395214879534,5450.86789921427,6899.790514211283
238776.0,16822.26598527636,24596.258117992715,32549.558265709195,23054.97771957284
238780.0,9109.575466011098,7160.395214879534,5450.86789921427,6899.790514211283
239294.0,16581.24193213022,24125.83695205435,15421.717336946267,12997.535923397172
239809.0,0.0,0.0,0.0,0.0
240016.0,1100.242514449859,1495.0850898157296,1172.123587093751,1857.0835765710706
240247.0,662.1641284641029,1136.541100192748,776.4910479768578,870.0490306241367
240573.0,16822.26598527636,24596.258117992715,32549.57826570919,23054.97771957284
240711.0,16822.26598527636,24596.258117992715,32549.57826570919,23054.97771957284
240992.0,28.917722652439245,55.3649364837101,43.02198869062497,38.20614274000975
241169.0,2547.0793423400455,3869.9348057053026,6650.361416042629,2807.5162568718993
241705.0,8491.185939203679,13896.415184565145,32549.538265709194,8327.799745010683
242168.0,592.1478412280964,654.7371673069672,1079.0066685811566,638.335830750554
242203.0,0.0,0.0,0.0,0.0
242313.0,25430.73106686688,31324.262787607273,32549.59826570919,17151.70024603975
242377.0,5230.558663244274,4704.348438100684,3764.845340387825,3335.0567326508854
242440.0,25430.73106686688,31324.262787607273,32549.59826570919,17151.70024603975
242647.0,124.11921895685717,317.7098725467675,831.9496576756737,228.1206478852802
242729.0,1671.4313493266038,3536.1212266321527,3376.0064354976525,2374.607746247788
243542.0,0.0,0.0,0.0,0.0
243806.0,20750.018771597766,18185.1960214555,32549.668265655422,14851.709217797123
244007.0,20709.2819124128,27144.656178496472,13376.360443816076,19255.55746297676
244169.0,0.0,0.0,0.0,0.0
244484.0,5557.161378456343,9327.815748954195,21995.671028099114,5259.545322554032
244498.0,413.00958699589205,739.1650930749697,1113.5760367800492,190.22805500766702
244609.0,307.8662175509151,480.4679199256511,215.9515502232691,427.7447616838809
245322.0,3140.9430198914765,5003.124426930631,4503.906400790481,2117.6648759187556
245341.0,140.95657867149,116.81323908345293,102.65707888177336,145.19831931603065
245470.0,237.2228035294341,612.6645332669523,490.45840329504927,738.9180001867595
246394.0,23817.67200895402,27007.00973488669,32549.73826570918,24304.882186713025
247616.0,7289.042913915187,11152.02867059195,11096.033695506223,7151.259150876857
247731.0,6008.191301264614,2419.1733081188536,5450.86789921427,4161.152182725356
248026.0,9630.061513627068,8777.08475530623,7386.758213264336,4751.70642411755
248263.0,119.34956478839867,256.09668667565927,256.09668667565927,111.80600415541197
248368.0,0.0,0.0,0.0,0.0
248976.0,17408.72629536131,22400.759114120767,32549.778265709174,15445.473596364729
249015.0,12922.11123719624,12448.761755451229,7386.758213264336,14117.63297298807
249103.0,20709.2819124128,27144.656178496472,11409.237625970314,16527.049495902163
250256.0,37468.54285087386,43393.797065879786,35632.76684552347,22539.269603072767
250524.0,6032.313802308077,8864.429703737269,18385.670379901898,5804.75882396504
251025.0,117.63837892152985,157.53280693362825,461.24081219958094,0.0
251172.0,769.8067456104976,1091.9380180786204,805.0435596825885,1727.5924202426913
251399.0,37468.54285087386,43393.797065879786,35632.76684552347,22539.269603072767
251931.0,109.50294959041403,232.6662889880662,102.94911928584234,66.90913745670318
252385.0,707.8496118689435,1323.3337353342897,1485.2591173954174,1776.303517504821
252419.0,0.0,0.0,0.0,0.0
252497.0,442.0809914385787,599.5518379550583,657.8121214778411,291.2984790948968
252695.0,37468.54285087386,43393.797065879786,35632.76684552347,22539.269603072767
252720.0,13352.410760436054,19641.066614288055,20487.059562354076,14824.715835725148
253307.0,8098.341854160417,7944.4831404698,897.2794360453262,6161.273547976911
253685.0,1317.3798794880695,1871.4167668318682,1648.9806454254933,1141.9029047559166
254572.0,13352.410760436054,19641.066614288055,20487.059562354076,14824.715835725148
255192.0,13352.410760436054,19641.066614288055,20487.059562354076,14824.715835725148
256136.0,17408.72629536131,22400.759114120767,32763.115186228213,13267.579317946436
256237.0,0.0,0.0,0.0,0.0
256652.0,13352.410760436054,19641.066614288055,34056.13381758599,13447.835378528398
256676.0,1104.2156372664062,1386.6126007045336,3245.3070688730427,2227.211611892772
256867.0,0.0,0.0,0.0,0.0
257051.0,8124.526933500314,7968.5216728407895,897.2794360453262,6559.031114044208
257158.0,0.0,0.0,0.0,0.0
257242.0,17408.72629536131,22400.759114120767,32763.115186228213,11879.784024299432
257247.0,0.0,0.0,0.0,0.0
257566.0,17408.72629536131,22400.759114120767,32763.115186228213,11879.784024299432
258120.0,9317.939802178596,8160.421049722674,897.2794360453262,6559.031114044208
258804.0,7881.081841280455,6938.47996280651,897.2794360453262,6559.031114044208
258948.0,297.8253545104641,425.98309173394665,612.8993190824616,275.19940749027785
259508.0,499.54281986324617,646.2783317552581,353.8916925662885,412.92715459267146
259664.0,890.1632772976355,1106.2822248919217,227.63325836632333,584.1628650813059
259693.0,769.8067456104976,1091.9380180786204,805.0435596825885,705.0871113628443
260204.0,1402.7748121212333,2285.680543613928,2899.610691341112,2227.211611892772
260494.0,1515.2295705114234,2770.3460318798475,1648.9806454254933,1580.4191843210458
260661.0,2199.2354429503985,3981.0714444671444,4638.438374967624,1121.5004843868771
260767.0,3903.4902514895216,3517.286216173692,4672.726546920773,2709.931954477824
260973.0,23828.068224493858,27882.471364070145,6941.058765818068,3014.248580989962
261402.0,436.9408843178643,603.5141571332011,836.3919105782826,1110.8489824094002
262677.0,23828.068224493858,27882.471364070145,8849.962260993503,3014.248580989962
262879.0,1633.9481592485517,3111.8728957942303,872.8051677507693,1842.6523354935948
262934.0,32128.184454910494,31426.69494922037,35632.60684552348,42868.17534348762
263179.0,6301.190081124067,10095.592590187996,6707.809373481926,4702.722142355426
263495.0,32659.219165552688,25266.707276547393,35632.526845523484,18743.36529868636
263717.0,2154.7735887003014,1892.4578518551484,1121.1007450192667,1600.9331102235344
263783.0,5742.0457734809825,6868.110450527626,5959.626373177817,4212.3547227174495
264234.0,122.59566679073501,279.7857469442221,302.6965847365953,251.41696069279016
264337.0,28193.060373138735,28135.12333293078,19884.200350007868,32125.65707405842
264512.0,1748.9931470465754,2276.9245124472386,2768.7850513064636,1559.4174948293994
264712.0,0.0,0.0,0.0,0.0
265372.0,328.242435583953,602.5163798968019,989.9155420776875,376.9008117330076
265721.0,2516.451981241085,2994.941837325266,626.6378749087484,460.1224773035979
265938.0,38013.6499309469,31711.462258761472,35632.526845523484,28456.467796618752
266058.0,14664.839144456855,11201.745480408792,6802.001687288449,8592.795533003215
266456.0,38013.6499309469,31711.462258761472,35632.50684552349,28456.467796618752
266665.0,14286.318317386704,12779.10432103895,3216.293167943008,3121.046180754139
266922.0,38013.6499309469,31711.462258761472,35632.566845523485,28456.467796618752
267009.0,7204.09336668919,11369.719078542359,11731.301683660935,5381.896029932202
267092.0,59.706007593471696,56.500552550192516,60.783669894672975,62.35323024190486
267147.0,2516.451981241085,2994.941837325266,626.6378749087484,460.1224773035979
267317.0,3639.3188698342997,5542.146795673771,1846.4972260604889,1281.6706800110549
267333.0,30829.97273488557,23673.338938253608,20245.0098097491,16419.881505784382
267344.0,948.0042490166558,1426.3301377019575,4809.529100848505,2636.1818666397053
267500.0,30829.97273488557,23673.338938253608,20245.0098097491,16419.881505784382
267625.0,14829.770061791956,15073.46519545293,2768.825051306464,19907.656898490088
268124.0,5280.8417149301295,6657.552607653907,8814.203848289197,3467.4405877246118
268204.0,0.0,0.0,0.0,0.0
268279.0,5280.8417149301295,6657.552607653907,8814.203848289197,3467.4405877246118
268633.0,36835.273224266384,26044.283895094854,29958.935403688378,34845.34592452771
268650.0,28602.87320317533,28683.720156676205,35632.3268455235,34129.172300247774
268938.0,3963.0622131985247,2958.109284653805,2778.4808261403787,1588.9384366614083
269270.0,7502.194587357902,6357.712254527241,5122.827328591842,9238.127686062799
269789.0,32629.33874257142,30753.403190216028,34306.24564506677,34129.172300247774
269849.0,42020.62496212196,27923.51755809049,32549.498265709197,34845.34592452771
270248.0,42020.62496212196,27923.51755809049,32549.498265709197,34845.34592452771
270465.0,882.2073707178071,1399.1746944411154,1809.2537404467446,1740.8550276229207
270602.0,24879.711429860792,27901.797147303783,32598.4195398416,17022.690928287455
270611.0,9544.299273886812,10522.113016462112,6759.404882862286,10272.623249783865
270802.0,9901.857808617144,11373.280569459643,11364.468356886278,6892.28455709716
271302.0,52.74994579708157,94.03059418888924,63.76041655940317,141.8883061376095
271508.0,1188.3377620090996,2062.270248970765,3179.412470751784,663.5617591030997
271820.0,1438.916451223338,1849.4588222684142,1164.2078405647392,1441.2816420047816
272448.0,24098.428743524477,25803.340117140262,21995.64818936568,9481.932144030561
272477.0,0.0,0.0,0.0,0.0
273102.0,21579.47487705941,27178.384517468814,14863.745875220653,9481.932144030561
273280.0,245.67406926764403,377.6880124755937,505.86318903335473,244.3989469699082
273305.0,5864.134335705258,6929.745402554486,5122.827328591842,3177.6474167534698
273390.0,5280.8417149301295,6657.552607653907,7862.3797426509955,7228.10854926792
273566.0,65040.62500161695,54689.2510041492,32574.04968115342,21410.608876209008
273697.0,16884.990827233327,24078.698683003702,6371.931144057604,2930.2687489034174
274227.0,44.91065080020721,56.302537870694074,62.20779902668369,108.58900722633024
274453.0,18049.042679538754,17689.46453608838,10385.117650263575,15560.264959183696
274786.0,16884.990827233327,24078.698683003702,14863.745875220653,6853.461792554183
275485.0,0.0,0.0,0.0,0.0
275669.0,783.7131005182067,1294.9999254095023,1622.6605177711042,402.71686287018076
275811.0,1222.4692253166606,1979.0080745176058,1865.8440731040255,3510.4019456466804
276585.0,4357.304111786663,6139.399033590907,5122.827328591842,2681.8157261079664
276693.0,1496.9902584847882,2138.330669276596,726.3142651884493,539.1824439269143
277282.0,4181.187562858558,6804.6413171900585,1865.8440731040255,3510.4019456466804
278458.0,4181.187562858558,6804.6413171900585,1865.8440731040255,3510.4019456466804
278615.0,457.9170746121203,594.0220943905538,253.1595368920609,488.98589611562414
278625.0,7026.0506079599345,8549.23624645208,11731.281683660935,6504.095591663763
278650.0,28889.030894599353,31877.97376356751,35632.70684552347,26485.01913138822
278933.0,6301.190081124067,10095.592590187996,8602.673451262384,2808.96594924182
278994.0,4181.187562858558,6804.6413171900585,1865.8440731040255,8118.286261028247
279233.0,4181.187562858558,6804.6413171900585,1865.8440731040255,8118.286261028247
279278.0,0.0,0.0,0.0,0.0
279325.0,18.645177243070044,63.79831002277772,55.574408148479776,53.05901234191982
280043.0,2325.7287813780767,3322.9382172991595,4430.22268470639,3176.380015442107
280076.0,332.02920761089996,734.868378678131,251.62422787305331,297.46353148075144
280417.0,0.0,0.0,0.0,0.0
280620.0,0.0,0.0,0.0,0.0
281209.0,16730.512131019586,23446.8012342831,12842.464119898876,5849.753226248095
281356.0,20.680221389849194,52.216926966394404,43.208667711173796,22.880739389713785
281544.0,0.0,0.0,0.0,0.0
281761.0,16730.512131019586,23446.8012342831,12842.464119898876,5849.753226248095
282246.0,4771.16861664058,5579.63851985927,4025.5236673677105,729.2920409067962
282275.0,404.0602764748408,899.9657991092994,1358.8188370094022,621.4286848062294
284176.0,16730.512131019586,23446.8012342831,11096.033695506223,5849.753226248095
284278.0,7140.3493919361645,10180.01604500264,17979.881005665404,2808.96594924182
284563.0,5467.73616748779,7838.799719640762,10105.313529590112,4754.280024357
284568.0,355.56969689198985,585.2256401410472,439.60101335755917,354.1375170184599
284661.0,3455.000408339618,4557.833981015612,5892.9917272409675,8118.286261028247
285100.0,922.2455379214913,1595.2748730215508,1785.546127581777,1711.4673013236331
285275.0,1012.7167402090412,1936.746374431578,2490.3627864678833,1886.0431631593165
285838.0,1581.4457631793596,2533.0559810897876,3110.1573533196292,0.0
285861.0,4470.628982085563,6464.299650292599,4638.498374967625,1229.0698767767437
286117.0,499.54281986324617,646.2783317552581,353.8916925662885,301.88328522791716
286270.0,16101.779665612334,21467.941491191556,24189.064099331903,5849.753226248095
286367.0,1193.0507185195017,1480.6626006240576,1140.5215765205749,1045.0442781528445
286389.0,14537.513836535392,17726.491946473325,32896.00516453659,16475.148383671694
287193.0,24124.19909728173,26191.9233195455,16345.986326306067,15915.866847269112
287722.0,3455.000408339618,4557.833981015612,5892.9917272409675,7752.485037457344
287941.0,14537.513836535392,17726.491946473325,32680.703891445373,16475.148383671694
288072.0,640.8862640650917,1021.4822832488652,1524.9635083540468,1366.8981152887732
288586.0,24124.19909728173,26191.9233195455,32549.518265709197,15915.866847269112
288657.0,2608.4167572172773,2545.255880173833,1145.9675606997184,2027.6780266847102
288658.0,2201.3139930301163,2685.90622530855,2537.766939953875,1541.8852994110814
288816.0,45311.743522984456,37453.12193422451,34306.22563068155,40959.96882616002
288958.0,24124.19909728173,26191.9233195455,32549.518265709197,23866.72365818149
289555.0,0.0,0.0,0.0,0.0
289687.0,22913.84597146628,26959.3657204435,32549.518265709197,23866.72365818149
290013.0,3455.000408339618,4557.833981015612,5892.9917272409675,7012.958288768015
290598.0,43038.37435586579,38550.52564404972,34306.22563068155,40959.96882616002
290908.0,43038.37435586579,38550.52564404972,32763.175186228207,40959.96882616002
291333.0,21541.413550648416,22963.26071485573,34056.27808670781,23866.72365818149
291423.0,128.32739572823266,454.8876383751517,461.56100334091093,333.23101076280403
291557.0,5887.789579336258,6592.5107669198915,6759.384554929833,8536.618772207179
291803.0,165.0755674555019,153.4026367577083,105.36830463559131,542.6568096228038
291809.0,0.0,0.0,0.0,0.0
292154.0,0.0,0.0,0.0,0.0
292197.0,14165.659852273946,14924.174649380997,34056.393178522,11932.191015065087
292226.0,0.0,0.0,0.0,0.0
292470.0,18520.798405317764,23592.628862005335,32549.538265709194,23866.72365818149
292790.0,15234.235400136333,17423.154416200086,15224.135359518888,12656.02472164937
292894.0,3455.000408339618,4557.833981015612,5892.9917272409675,4323.614321444502
292914.0,16809.42397519254,26941.833941981422,32549.71826570918,17348.53780927949
292968.0,16809.42397519254,26941.833941981422,32549.71826570918,17348.53780927949
294997.0,0.0,0.0,0.0,0.0
295023.0,532.6937871746867,1126.932723438971,827.5038640939258,398.6118635991659
295147.0,4191.619474819677,6234.546593306663,6113.320911660372,4046.2536795040423
295236.0,1091.717505558519,1730.1333629839928,1946.0479857571474,2546.110627604386
295476.0,24290.764375370807,32792.48413682518,32574.039838490113,33326.8074312557
295506.0,24290.764375370807,32792.48413682518,32574.039838490113,33326.8074312557
296051.0,31572.62568019733,38525.456090032894,13204.983437641882,23246.573128097825
296243.0,127.06393109983304,280.2382752238694,223.79965671277307,232.74239637612223
296291.0,8751.461338060222,13367.761831697544,32549.698265709183,11426.759986452853
296292.0,31572.62568019733,38525.456090032894,13204.983437641882,23246.573128097825
296635.0,24290.764375370807,32792.48413682518,32574.039838490113,33326.8074312557
297138.0,24290.764375370807,32792.48413682518,32574.039838490113,33326.8074312557
297193.0,0.0,0.0,0.0,0.0
297478.0,6182.382305154803,8452.907254335416,2244.228853920585,6846.478652343845
299288.0,264.02835104684897,353.31297451754557,530.4739390442733,295.1034050921812
299316.0,0.0,0.0,0.0,0.0
299395.0,5236.393193823927,8549.203512661536,6206.953525036394,1329.195747134334
299815.0,0.0,0.0,0.0,0.0
300170.0,1456.3405883972555,2946.054877512065,3493.595912702413,2185.162327402704
300345.0,17838.857545431754,22583.84920117139,16761.90531114693,11029.893749261595
300579.0,0.0,0.0,0.0,0.0
300982.0,681.9012879154972,1223.1664871984424,2402.484654228872,631.4943641427056
301530.0,7418.129198164747,7451.277944160763,9123.339050569099,4660.844155847737
301787.0,902.9608006388779,1301.5881328908888,993.7106715998485,635.345047482075
301793.0,332.02920761089996,734.868378678131,251.62422787305331,463.6082850963731
302542.0,6182.382305154803,8452.907254335416,4436.518997941179,3239.3511666381587
302607.0,517.9640366287144,888.3881404147899,684.1863723467271,550.768701053355
303577.0,22325.93845666047,23169.303157183553,13508.864634272184,6246.451857670881
303715.0,0.0,0.0,0.0,0.0
304828.0,25769.98189761032,28524.876209271373,32598.399539841605,11938.710504991735
304884.0,11180.966538906296,15657.699970008305,32549.608265655424,6867.46439561211
304968.0,928.5808934079176,1212.9161813164062,941.7251395365536,931.7444013032759
305644.0,4344.75314124716,7120.061330279757,6135.190442129952,2286.145199872484
305698.0,4588.42743079483,6139.410213686227,15157.627166429755,2549.3832503568387
305789.0,412.3355395707424,955.4831096776884,1133.5725209151626,784.3073749175129
306403.0,2494.602038872248,2453.1234822469332,2242.6689152846307,1630.1038283649298
306591.0,11180.966538906296,15657.699970008305,32549.678265709183,7959.166661466513
306887.0,437.6670512280095,855.5682576591073,230.88574649103504,586.4005101498464
307095.0,2494.602038872248,2453.1234822469332,2242.6689152846307,1778.894602307849
307826.0,22344.846167264113,27247.79046455855,32598.459539841602,14911.267946086946
308065.0,140.95657867149,116.81323908345293,102.65707888177336,99.63793478389644
308372.0,0.0,0.0,0.0,0.0
308943.0,9.275277503419643,52.28724594472501,52.28724594472501,43.817618415427376
308971.0,152.467971195757,350.7586193561303,112.3274948981675,234.54243717715562
309099.0,303.2472671022243,498.07325056390613,438.10586968763545,742.1036595516829
310266.0,0.0,0.0,0.0,0.0
310457.0,2201.3139930301163,2685.90622530855,1031.1783741921222,740.093647317689
310848.0,0.0,0.0,0.0,0.0
312513.0,681.5743680979814,722.201874016628,887.6743666578849,549.1448375064633
313680.0,2201.3139930301163,2685.90622530855,1031.1783741921222,740.093647317689
313939.0,0.0,0.0,0.0,0.0
314241.0,381.7714794156909,319.7912011700648,602.155341084431,0.0
315108.0,23.649311188607413,107.05289304388707,61.18474338587102,52.73840244669912
316157.0,7418.129198164747,7451.277944160763,13791.413820553056,7414.7567701172775
316495.0,2442.4799812049487,3636.24735643812,2435.977580606186,1173.3098791027032
317528.0,4028.8938460987492,4615.119867482954,5307.9715199289,2771.0337576796137
318003.0,2527.2168872198654,2994.9603422578325,1285.567218732715,1165.6769592687333
318102.0,3890.903462270009,5029.365650575839,11731.221683660933,2352.554733560943
318148.0,0.0,0.0,0.0,0.0
318721.0,0.0,0.0,0.0,0.0
319576.0,7494.729879837876,9555.559046946128,32574.019808619476,8172.128585625657
319764.0,122.59566679073501,279.7857469442221,302.6965847365953,129.2210206119732
319962.0,0.0,0.0,0.0,0.0
319992.0,191.9987962773396,493.71736163913073,833.5230167709738,136.84316904179033
320314.0,4744.34706571072,4896.969627689953,3149.791497607604,1379.2120554323762
320773.0,0.0,0.0,0.0,0.0
321086.0,9012.415619538442,9315.749832201605,11731.241683660934,7583.937673794531
322034.0,2963.644292551727,3595.86565833016,10663.645779209355,1379.2120554323762
324151.0,0.0,0.0,0.0,0.0
325345.0,4663.493604910379,6460.6520642181995,10392.644407219923,2761.0958806966482
325473.0,0.0,0.0,0.0,0.0
325846.0,0.0,0.0,0.0,0.0
326942.0,1460.3951301454479,2390.8686516956614,2803.9040291376086,657.1428715203415
327592.0,10062.056045588812,10524.931405550049,12252.26529880937,5465.398153803618
328092.0,0.0,0.0,0.0,0.0
329269.0,2147.831028578445,3952.977822193267,774.5279531941928,2159.4477432899366
329558.0,170.37748081154353,179.22862132939915,612.8793190824589,75.24811266337515
329833.0,237.1833618023625,355.9240762907471,181.66561244449534,189.67419638026675
332893.0,104.14791698555821,201.5360846224717,122.49496211025871,0.0
333326.0,532.0509234131873,772.0503457867775,1339.9517530112917,120.29580039053732
333622.0,13884.00083281572,15291.831793272026,5699.2131786798345,2628.948174498691
333715.0,6932.249953666922,8764.188204253425,32598.379539841608,0.0
333733.0,0.0,0.0,0.0,0.0
334149.0,392.26643048768864,705.935699662022,2035.728082624888,391.56024979560937
334493.0,13884.00083281572,15291.831793272026,4238.64446117168,3881.9374357271654
334590.0,81.12472570400088,176.77185561609141,103.63559530264094,207.80340725695524
335388.0,13884.00083281572,15291.831793272026,4238.64446117168,3881.9374357271654
335956.0,2097.1475796762234,3071.5392000620295,5257.329680875571,2721.6926461854578
336051.0,13884.00083281572,15291.831793272026,4238.64446117168,3881.9374357271654
336130.0,13884.00083281572,15291.831793272026,4238.64446117168,3881.9374357271654
337344.0,9694.883694751696,14956.689901463691,8588.220279607978,12758.939191641286
337676.0,13884.00083281572,15291.831793272026,4238.64446117168,6036.701190882318
338278.0,400.37028287843833,660.5277806251542,410.9157263897467,836.6734983970748
338479.0,164.5460782069668,364.03387689729016,598.1486845745553,183.36240320741874
338861.0,0.0,0.0,0.0,0.0
339058.0,0.0,0.0,0.0,0.0
340394.0,11887.415042655095,16112.980653383374,32680.653765428477,11094.707325567448
340408.0,2527.2168872198654,2994.9603422578325,5007.9257965534935,1733.393602670784
340804.0,925.7591079844968,2039.5541203339894,774.5279531941928,2059.1735760833762
342485.0,1036.523548840755,1203.344898634173,1266.2722896706978,1082.60087814485
342618.0,30185.5475764324,31132.159913692114,35632.44684552349,27128.083907272183
342854.0,0.0,0.0,0.0,0.0
342994.0,1066.1421764645402,1904.082468601319,774.5279531941928,2059.1735760833762
343010.0,2322.3222355267753,4069.980313847232,3809.1950019701094,2800.6079105080025
343630.0,1721.1904356327814,2782.5811539469005,2768.7250513064637,1110.7245788583234
343704.0,4198.361265279311,5814.71994611362,7315.392389447619,24087.850278511778
343749.0,22468.2067826633,28313.51746074888,12540.278103017763,24087.850278511778
343836.0,22468.2067826633,28313.51746074888,12540.278103017763,24087.850278511778
343876.0,6520.17134074403,8894.228165550147,32549.558265709195,5030.142052546827
343947.0,9694.883694751696,14956.689901463691,21353.380481734308,6372.228991883452
344060.0,2322.3222355267753,4069.980313847232,2674.7144336981305,1030.4035114701426
344364.0,22468.2067826633,28313.51746074888,12540.278103017763,8619.629965375545
345203.0,0.0,0.0,0.0,0.0
346034.0,41748.860480384625,38495.0117016759,32763.095186228216,23015.682406350676
346586.0,4198.361265279311,5814.71994611362,7315.392389447619,4971.813161402991
346853.0,4969.136563634793,8933.906410980959,12796.38840447336,5231.4832932639665
347766.0,46171.24299035485,42438.54933442985,32763.095186228216,23015.682406350676
347936.0,4969.136563634793,8933.906410980959,15088.65403271856,5231.4832932639665
348243.0,1721.1904356327814,2782.5811539469005,2768.7250513064637,2965.801703688229
348528.0,122.59566679073501,279.7857469442221,302.6965847365953,164.5667677819553
348779.0,13462.676064801048,15314.846794778117,17791.54580764793,6696.4887803982765
349083.0,18784.496461781157,20105.217999392902,32549.698265709183,13844.015965029801
349218.0,8041.041783460248,10194.832966869644,32549.57826570919,5019.434113712421
349493.0,0.0,0.0,0.0,0.0
349511.0,172.2668192833007,491.8527591476656,192.12809484789275,68.22778225341932
350092.0,54.69660866278446,102.44584278931823,52.90006550362595,79.74038099670706
350699.0,104.9039855723788,157.6971459117486,229.3178898143933,140.7613218011255
350840.0,14056.898568266426,13313.935781376427,32549.73826570918,8901.531813570067
351441.0,1014.5876792549099,1538.0702789489362,1613.106296355279,1447.4421475140207
352045.0,0.0,0.0,0.0,0.0
352296.0,0.0,0.0,0.0,0.0
352596.0,808.1757547987447,1226.870047144846,1934.4361684909538,645.2548460259713
353274.0,277.16181853274986,402.34067384607835,974.2602258307805,133.40571924171766
353320.0,664.072254060504,885.5597799728595,923.43205755064,250.11806969709326
353698.0,2773.3734058522,2872.710055625421,2768.7250513064637,1184.783852692127
353766.0,0.0,0.0,0.0,0.0
354931.0,0.0,0.0,0.0,0.0
355185.0,28789.23853225025,22066.95810374344,35632.306845523504,27020.97978626978
355381.0,268.53328738266686,238.8206268851676,108.86509585372185,161.8479248702312
355390.0,2603.201288117773,2906.404565252915,2768.7250513064637,1548.192168731001
355458.0,14759.606822066844,20252.72603789883,32549.638265709185,7320.544512876074
355689.0,7833.510874069008,8301.802383250173,9524.47953727399,7186.695855050498
356513.0,412.3355395707424,955.4831096776884,503.4611851079898,403.0859001428852
356727.0,835.2900545254245,494.6331506668664,762.7739996997554,345.6684063549922
356729.0,16093.034334141514,20640.3297702371,17791.56580764793,4866.016677201179
357136.0,944.9333010459785,875.9581271684057,1482.6433110208598,789.2342268553741
357369.0,44.55697631469889,45.18135251850066,30.689803011755053,57.148411668216994
357898.0,344.17744975325775,410.41812291113456,531.7000294673187,242.3037522614951
358029.0,914.8868764801847,1317.5538230517386,1550.0600146541108,467.583994666199
358213.0,50238.99560130977,44235.92812570443,21483.32908571357,20420.226622640603
358690.0,16093.034334141514,20640.3297702371,24064.7243482618,18342.871222439524
359374.0,55.257621029759015,222.4445540283326,301.22353771484813,286.28439609940324
359441.0,5263.799516147762,5197.788210972892,9524.47953727399,4749.506200501269
359573.0,16093.034334141514,20640.3297702371,24064.7243482618,18342.871222439524
360213.0,12394.275208074183,16101.071199201457,32549.59826570919,15683.592032439508
360226.0,12394.275208074183,16101.071199201457,32549.59826570919,15683.592032439508
360374.0,10114.387927838017,8412.117188742403,10257.092230804972,5782.379448981189
360470.0,0.0,0.0,0.0,0.0
360907.0,13275.768851789886,13482.75632778992,15443.456942357527,6485.27089224498
360993.0,36206.74138156205,44029.09459454958,32549.71826570918,20481.9209584941
361017.0,882.5754997393734,1543.1060177743186,2244.1650231592034,1427.5699392639228
361086.0,12394.275208074183,16101.071199201457,32549.61826570919,8215.206624912122
361337.0,1857.485155064769,3250.5413602432,4353.658272850761,2085.585677724605
361570.0,10114.387927838017,8412.117188742403,9855.587895892764,3482.9195522578466
361725.0,9440.246088949232,12289.019582657253,7362.709771435368,5753.284237720226
362201.0,13639.688364308156,16971.06854105512,32549.658265709186,8215.206624912122
362445.0,13639.688364308156,16971.06854105512,32549.658265709186,8215.206624912122
362496.0,52.24830260187351,119.3859586284516,133.14788895513468,103.53511950830983
362585.0,412.3355395707424,955.4831096776884,503.4611851079898,399.7403571707515
362909.0,0.0,0.0,0.0,0.0
363360.0,9757.570334265873,11060.228649753686,7362.709771435368,5753.284237720226
364409.0,9757.570334265873,11060.228649753686,7362.709771435368,5753.284237720226
365025.0,7121.7176239432465,9159.304234651207,32549.678265709183,8215.206624912122
365223.0,0.0,0.0,0.0,0.0
365506.0,357.73119401626315,678.6665240122891,536.2598429072152,389.39188453792923
365579.0,9757.570334265873,11060.228649753686,7362.709771435368,5753.284237720226
366641.0,0.0,0.0,0.0,0.0
367354.0,0.0,0.0,0.0,0.0
367460.0,81.12472570400088,176.77185561609141,103.63559530264094,126.44470606316423
368729.0,19792.70170840332,19024.58090148758,34167.62667713165,12820.416425374022
368930.0,9502.208908613056,8412.113703576171,10257.062230819594,6421.1222213877845
369319.0,126.40384691197198,204.13657360046432,1796.5358992929237,283.9561839615401
369512.0,44.61099022489188,48.76785434905484,86.8099990006918,67.74562631639034
370279.0,27725.814917228287,28515.94743559225,35632.58684552348,16103.366127614438
370571.0,1313.3824210145576,887.9385460074361,535.2189131352176,798.692130523395
370861.0,3942.205841969827,5197.788210972892,11359.46415106304,2663.125869650175
370868.0,251.66856693027378,254.60193686243102,172.84739254958495,129.53965090735733
371200.0,0.0,0.0,0.0,0.0
371358.0,27725.814917228287,28515.94743559225,32598.35953984161,9246.877984379376
371929.0,1724.6711345430238,3314.2923384490796,2018.8624536454495,1632.8677548687156
372117.0,655.0498653500562,1011.8295113162515,1441.2745831420361,438.43180129867403
372847.0,1664.3537839852036,2293.2670193682707,533.7772853662126,1948.7878669573045
373623.0,0.0,0.0,0.0,0.0
374005.0,156.60855854485993,217.5599333594998,218.77058472524877,124.54217605614572
374389.0,58.08560923135527,180.9870455874062,76.1009113689334,41.98862981415326
374628.0,633.7745430773833,987.9601000754178,1208.2996395506768,492.5772002417489
375205.0,1857.485155064769,3250.5413602432,2421.523261143713,1336.0369457129543
375721.0,11748.286002345507,14052.363074501593,13405.236256038066,3361.4563751445594
376429.0,11748.286002345507,14052.363074501593,13405.216256038064,2303.953039473678
376664.0,11748.286002345507,14052.363074501593,13405.216256038064,2303.953039473678
377759.0,703.4802276592061,955.3495542992783,976.4264856260837,100.27110508765723
378035.0,4375.944253878083,7914.104037228448,6617.303286620801,4028.496458978213
378158.0,43.38633771854123,42.0916968733795,45.513699301065806,95.02404994947332
378484.0,5723.446696238541,5991.422527426919,2374.2163673945847,5986.675905709278
378505.0,5723.446696238541,5991.422527426919,2374.2163673945847,5986.675905709278
379290.0,357.73119401626315,678.6665240122891,536.2598429072152,778.827006061038
379712.0,24081.879030593,20072.549091082383,16011.87964782843,8080.056815456188
379977.0,6473.5562102581425,11612.245609261283,10148.358749735202,9131.471510660262
380131.0,21.513756813639702,94.83256772624453,106.32311676666512,88.09787727295137
380468.0,346.7885276663404,529.7946132320242,679.9309826901377,424.6131501826103
380850.0,33916.16341368118,33468.6380024636,24143.41716012665,12550.864297728664
380855.0,10585.573143283777,12157.484717609921,2374.2163673945847,10879.650926936949
380966.0,3025.4116258415297,5290.139481555524,4096.7552755538745,3152.679335105301
381308.0,47216.38411028711,55706.29422631371,35632.686845523465,26408.88467164034
381481.0,532.0509234131873,772.0503457867775,351.1402815628381,265.1893580349709
382896.0,15533.971017599912,22576.30452293071,12796.40840447336,11313.588720649164
383691.0,9394.92775418032,10134.283511926897,13405.256256038067,6211.663836445111
384296.0,9394.92775418032,10134.283511926897,13405.256256038067,6211.663836445111
384485.0,9394.92775418032,10134.283511926897,13405.256256038067,6211.663836445111
384888.0,9394.92775418032,10134.283511926897,13405.276256038069,14350.763236845627
385489.0,51.22966421234154,49.496468871791556,51.30967089761329,20.603016434250595
385506.0,13922.660255699308,14757.482430808177,32598.33953984161,9390.401048304593
385816.0,101.30995429032589,78.73310578051469,88.13025366436817,73.22270625700746
386637.0,1440.3545945431306,2310.019081170185,2421.523261143713,925.717048449471
386991.0,0.0,0.0,0.0,0.0
387440.0,0.0,0.0,0.0,0.0
388286.0,5434.587071413516,5483.399603031944,12361.929430305196,3151.854112708899
388467.0,13098.362043790554,13400.307834053947,21483.280960423494,6543.558608937495
390967.0,1440.3545945431306,2310.019081170185,2421.523261143713,1028.8218052121563
391594.0,4821.861967532265,6423.759097557005,13776.496024301054,3035.1358703030082
392396.0,3932.6478386400927,5345.551993499206,4572.878912119582,4536.501070538835
393259.0,25529.12855888318,27453.04262349285,34167.59539106649,11605.570716341355
393607.0,9179.489039468317,9518.933562407792,21483.280960423494,6543.558608937495
394373.0,126.44903152794375,72.1202309432451,102.65707888177336,126.27572474747473
394432.0,25529.12855888318,27453.04262349285,35632.38684552349,17219.388527471
394628.0,0.0,0.0,0.0,0.0
394880.0,3932.6478386400927,5345.551993499206,4572.878912119582,4536.501070538835
394913.0,6216.656387166136,5482.873498532968,7539.08288893585,8514.889361583038
395589.0,25529.12855888318,27453.04262349285,35632.38684552349,28786.708706449925
396105.0,2359.739782744081,3971.913665900284,6190.915124699342,1351.4648264013385
396346.0,357.73119401626315,678.6665240122891,536.2598429072152,569.9548504574726
396401.0,20804.297457801164,25046.524394458753,7829.458959295841,13231.846257835678
396833.0,0.0,0.0,0.0,0.0
396987.0,2377.6968965386277,3679.5309704816577,2925.6921570484456,1235.303119258589
397369.0,25529.12855888318,27453.04262349285,35632.366845523495,28786.708706449925
397725.0,532.0509234131873,772.0503457867775,351.1402815628381,206.15116132100735
398313.0,0.0,0.0,0.0,0.0
399286.0,82.01686265896221,155.82781785335973,175.39415739940006,176.10947058179465
399989.0,24464.445252381534,25885.812353192792,34081.788236161774,28101.217800123894
400139.0,13710.57989450977,13261.083407951173,9427.286160474381,10604.659033274007
400272.0,609.217125846688,912.7133652541629,976.4264856260837,1130.2574315615004
400541.0,16424.055649458067,23632.357502243467,32598.399539841605,21618.31120966668
400601.0,0.0,0.0,0.0,0.0
400961.0,16424.055649458067,23632.357502243467,32598.4195398416,21618.31120966668
401012.0,64.04500108289326,178.65464637680762,305.59855430617625,77.95326210493053
401153.0,93.19269617960654,319.3990624234363,89.74230188599243,104.18690407148108
401557.0,3932.6478386400927,5345.551993499206,4272.313704091808,1747.2692420345525
401803.0,6216.656387166136,5482.873498532968,5957.512496897903,4188.8611165566235
401863.0,2871.1007105731883,5220.524724510975,1485.279851952604,3421.333662769535
402409.0,29329.217233345928,26803.789738897904,29921.64271731172,28407.122052752897
402434.0,29329.217233345928,26803.789738897904,29921.64271731172,28407.122052752897
402666.0,1289.5603464069295,1972.4759636040274,976.4264856260837,1130.2574315615004
404474.0,9789.299063012186,13517.626582188675,13405.196256038063,5470.694675066413
404700.0,6810.814179265014,5969.784372273029,5957.512496897903,4188.8611165566235
404722.0,43.622504692619536,142.2012720900649,114.61790202614645,69.94337934643994
404834.0,18622.91197579215,23376.918261532825,32598.379539841608,21618.31120966668
404909.0,218.546307926852,442.02940989586733,476.78535752787144,335.34011157331
405452.0,204.20857240851387,718.6091668447326,833.0389632738184,441.97732366265126
405721.0,2166.102597178778,2851.977961470203,719.399802149658,1105.2363967405345
406536.0,127.06393109983304,280.2382752238694,223.79965671277307,186.48135305815433
406553.0,24201.238619262203,28657.230267436036,32598.4395398416,26500.32755910764
406575.0,101.30995429032589,78.73310578051469,88.13025366436817,81.88250086373768
407264.0,6087.828079704441,5768.773598198115,2702.587359082817,3576.4043542362488
407430.0,23691.280028923822,19953.638056731335,25858.070570792217,10378.86628230656
407809.0,0.0,0.0,0.0,0.0
408014.0,0.0,0.0,0.0,0.0
408473.0,22991.514224508534,29503.94028353065,32598.459539841602,26500.32755910764
408678.0,0.0,0.0,0.0,0.0
408691.0,1472.083878830649,2090.507931238997,976.4264856260837,1320.0725601647812
409054.0,9051.927510934122,9717.794300239424,15735.953364398554,6391.823875154884
409431.0,4917.705958021578,5438.790661697335,2702.587359082817,4161.018382800057
409570.0,24464.445252381534,25885.812353192792,20812.03053714732,15871.655967856663
409771.0,2035.6880428315737,3250.60640620706,719.399802149658,3102.678945524335
409952.0,2359.739782744081,3971.913665900284,3366.7023173554753,3309.1481360313865
410041.0,0.0,0.0,0.0,0.0
410282.0,0.0,0.0,0.0,0.0
410728.0,27.62660306559983,38.666001749214544,74.87400128655815,108.55693852905027
410843.0,30254.532508273347,25798.276662728687,20812.03053714732,15871.655967856663
412278.0,30254.532508273347,25798.276662728687,13659.146995029874,6466.744102931552
412442.0,1907.4907579993167,3250.5443199231636,2421.523261143713,2447.1808269108355
413238.0,2035.6880428315737,3250.60640620706,719.399802149658,2605.1312563861347
414450.0,19.226005718806167,57.78526274615011,40.89345607853702,65.1731947107091
415104.0,3771.3518575722155,4519.3715637277055,4272.344453807694,2235.8274999650575
415470.0,7774.35378406457,7458.510416387657,1529.372572853137,1532.7430926609977
415727.0,678.0444542113469,1025.9103479659225,679.9309826901377,1191.8165136966345
415831.0,0.0,0.0,0.0,0.0
416394.0,2035.6880428315737,3250.60640620706,719.399802149658,2605.1312563861347
416793.0,3544.0782123315,5345.548038995815,1538.549314126955,1788.9892010406322
416938.0,0.0,0.0,0.0,0.0
417195.0,1592.8016064444953,2838.827757796226,2421.523261143713,2447.1808269108355
417355.0,1592.8016064444953,2838.827757796226,2421.523261143713,2447.1808269108355
417837.0,306.3992004883757,596.6817787980723,605.0642876410284,508.24223862248994
418890.0,14.784654317880948,52.5777554149977,43.02198869062497,41.71596311725285
418945.0,81.12472570400088,176.77185561609141,103.63559530264094,217.5978246072327
419214.0,1731.0938903411588,2635.4470486964938,1053.215528979831,1050.5120114020592
419917.0,1731.0938903411588,2635.4470486964938,1053.215528979831,1050.5120114020592
420117.0,2035.6880428315737,3250.60640620706,719.399802149658,2605.1312563861347
420773.0,21.513756813639702,94.83256772624453,106.32311676666512,37.211265083976926
420851.0,65.83164933385262,143.45542858642975,333.31325621254706,0.0
422334.0,1592.8016064444953,2838.827757796226,2421.523261143713,356.78316118056915
422563.0,36.47475080415512,81.73451997608889,60.62504639270455,90.9515669111863
422765.0,0.0,0.0,0.0,0.0
422899.0,18089.19475083764,25026.836094469243,32598.349539837007,11873.795642000918
423037.0,1535.9938479639256,2783.689679446239,3519.0593952384397,928.7339963627907
423087.0,4124.764679976418,7016.183089202292,5305.386011820664,3972.2379276171264
423123.0,685.7459701202156,890.6195695435279,1830.5854953160347,4482.591544631297
424129.0,10307.053037885717,15175.525281869895,12796.428404473361,12714.22261154806
424237.0,602.0193936150711,1191.7798698709123,1243.069726693255,997.9330047252672
424475.0,226.17547631537252,387.1522191698141,69.49740130187215,715.7015053777657
424610.0,1605.1596230584735,2483.234647302386,1638.9293729365336,1202.948356497485
424697.0,1470.273243480126,3587.505082805938,5233.1729679902255,1590.191207748301
424854.0,451.7847811941494,967.6118071000486,806.4184281227604,737.9010470245994
425096.0,0.0,0.0,0.0,0.0
425192.0,0.0,0.0,0.0,0.0
425332.0,9811.374679067336,10370.651570816375,5771.254282827715,2062.762257459642
426314.0,145.4675254920551,240.26873230695654,153.72741566791856,147.87923979247392
426556.0,547.8931489528529,858.8708883254254,351.1402815628381,376.2820382824564
426704.0,1402.4938025186318,1992.3358778252764,976.4264856260837,1206.1097408942521
426801.0,0.0,0.0,0.0,0.0
427198.0,383.35531150853336,762.7315932217822,811.3491030749258,340.68779162599884
427986.0,1095.3234804182955,1636.2273524460238,2421.523261143713,2062.762257459642
428114.0,1249.0262814814541,2119.8203275907754,2544.9115380952007,1884.5326100813431
428336.0,2610.857576087811,2944.4422875593914,4359.769970628906,3004.617258021394
428518.0,579.7240854672925,326.4979425526049,1559.0249417589375,144.00511129262043
428647.0,1157.2921900313868,1994.182398306059,2177.276776936437,0.0
429030.0,929.4476410792963,628.3465123016991,1030.6852419175766,516.1610971780032
429368.0,0.0,0.0,0.0,0.0
429449.0,0.0,0.0,0.0,0.0
430220.0,2610.857576087811,2944.4422875593914,4359.769970628906,3004.617258021394
430472.0,4120.276986046161,6051.7325692407,3187.191312652114,4631.898575087757
432246.0,7235.70982377064,13501.973089249861,10257.122230819596,2110.2079008950755
432443.0,5962.130382192141,10982.7311089994,12796.448404473362,5622.679411668427
432891.0,0.0,0.0,0.0,0.0
433927.0,167.2235108105108,330.58423117888674,429.19800977615745,120.16719900039278
434333.0,547.8931489528529,858.8708883254254,351.1402815628381,394.4056249662269
434877.0,90.79452486595615,296.20102965139074,301.6049156529664,192.82610891681657
435290.0,0.0,0.0,5305.386011820664,0.0
435514.0,2377.6968965386277,3679.5309704816577,5233.2129679902255,2125.5488518027523
435572.0,3764.402287862544,6769.023109631849,3519.0593952384397,1159.9604692660866
435926.0,16898.007361886197,20034.625000155746,11234.038884224683,8003.325597275172
435990.0,0.0,0.0,0.0,0.0
437302.0,123.62110864638844,280.22169908627177,343.00071392852726,386.34848953761934
437625.0,2214.1085713095613,3215.4664801834706,2986.050901132988,1584.180343458408
438215.0,387.54874518453676,886.2143555447196,140.06077477801654,413.2541897391967
438266.0,97.99463803387607,91.39529938243201,119.69419061732134,79.75511732547322
438354.0,7377.642942373987,8171.649668888194,3991.5427104768464,9320.850649431091
438361.0,1249.0262814814541,2119.8203275907754,2382.6197334067515,1458.3032329388839
439189.0,1178.1908547763487,1384.6892347434707,3308.9336976739446,2365.2877015492218
439307.0,235.97098221127496,520.0429773547609,641.7406455366345,279.3268396753166
440307.0,2452.318482025755,3384.690355776306,3946.773001772319,939.3203966166177
440632.0,0.0,0.0,0.0,0.0
441003.0,218.546307926852,442.02940989586733,476.78535752787144,547.6974659791662
441295.0,7377.642942373987,8171.649668888194,3991.5427104768464,9320.850649431091
441920.0,1595.5671026883076,3080.7379428460385,3243.0465686492616,1773.031015120717
441934.0,1764.671939249402,2993.5275059911914,650.0694857459341,969.4370421125861
441971.0,1383.7326942529676,2707.8793249012892,1658.4888042393218,1578.361518116176
442350.0,18452.44847225511,20429.020374193267,20027.217689694942,14424.47768343797
442803.0,93.19269617960654,319.3990624234363,89.74230188599243,53.37005286010124
443265.0,2730.72145478853,3183.5980405103796,2815.9588784056396,1127.5350944959541
443318.0,353.999428028703,480.6703240376818,323.57601708429326,250.67878278187007
443330.0,547.8931489528529,858.8708883254254,351.1402815628381,283.3712422106379
443476.0,2182.560097324539,3918.5311845944543,3376.0264354976525,1426.8069890493248
443505.0,556.6735078766262,890.6141998495802,3111.8947313453004,637.8487620118111
443855.0,2234.519915130374,4103.576598329383,8183.306831742626,1623.0195730181445
444014.0,17789.19170845497,20429.001820214933,9956.577424272564,12624.177535071345
444474.0,9520.26013056295,11542.989907904523,9774.659822586944,6588.02153609109
444786.0,2182.560097324539,3918.5311845944543,3376.0264354976525,2487.721783881791
445286.0,21094.039610728396,23379.28745578891,7045.053546041577,12624.177535071345
445507.0,0.0,0.0,0.0,0.0
445751.0,31868.10140841035,35239.21288304996,35632.64684552347,29552.04193537225
446290.0,700.946719090469,1273.5708018779108,1782.7354946032776,590.9165322784597
446303.0,9520.26013056295,11542.989907904523,9774.659822586944,6588.02153609109
446698.0,0.0,0.0,0.0,0.0
446857.0,2062.005353125087,2191.835532230057,2421.523261143713,1060.2613388028444
447028.0,271.1431200714905,664.5827202486191,140.06077477801654,464.7775236562112
447110.0,0.0,0.0,0.0,0.0
448037.0,31868.10140841035,35239.21288304996,35632.64684552347,29552.04193537225
448068.0,0.0,0.0,0.0,0.0
448072.0,1764.671939249402,2993.5275059911914,1059.5450173251554,489.27824748091956
449165.0,0.0,0.0,0.0,0.0
449404.0,25449.655517417174,25534.665662331314,7045.053546041577,12624.177535071345
449594.0,0.0,0.0,872.8051677507693,0.0
449651.0,93.76880985510198,144.75634542325744,154.94330639375494,0.0
449657.0,25449.655517417174,25534.665662331314,7045.053546041577,12624.177535071345
450024.0,156.60855854485993,217.5599333594998,218.77058472524877,220.92634510578404
450547.0,89.10129926655958,123.56712656241668,228.6893557851473,120.0393670426498
450626.0,25449.655517417174,25534.665662331314,12303.97778256622,3650.725685257659
451752.0,25449.655517417174,25534.665662331314,17753.893380114747,16790.049561272892
452019.0,30003.48281253881,36281.21402183874,32680.673765491876,19186.523451631354
452335.0,2604.100905840322,3077.4272440985205,2112.8908844865796,438.0352479766897
453599.0,2912.810355297341,3249.0282031013116,3245.3177676245377,1993.9799963891314
453974.0,20839.65929436265,21289.61327176648,35632.406845523496,19892.893193298958
454515.0,267.904239098795,542.7928774962626,140.06077477801654,845.1054042691952
455248.0,29531.796699204613,34977.50889806807,19117.814114368462,18494.4587349833
455713.0,12513.982541276107,15158.713896600731,10257.102230819595,4249.571443098704
455746.0,21.513756813639702,94.83256772624453,106.32311676666512,121.71173789737784
455784.0,0.0,0.0,0.0,0.0
456309.0,19564.002840462494,23832.361778981805,35632.466845523486,23659.568015287176
457596.0,8764.71794714337,11868.967040696762,12796.468404473362,3943.335641851959
457662.0,19564.002840462494,23832.361778981805,30212.927910560735,9195.38697652252
458588.0,762.0461624949953,1068.2883558014857,1059.5450173251554,738.3161941607403
458631.0,33028.56429025483,34312.586611988954,25617.74008580655,10268.39783807581
458656.0,587.4339192204231,812.2580979610851,719.399802149658,564.9862677446241
458830.0,2502.7159770938324,3721.806802777601,10257.142230819596,2711.947819557006
459137.0,4648.033367967993,6303.904309042601,11024.099876565639,3846.1111664901214
459170.0,743.111070478547,1046.5921598754455,684.166372346725,606.4505648443243
459717.0,34954.99442278604,35857.83432461973,11535.453500938203,10392.386072505198
459910.0,5282.138915796497,8598.883986632452,10257.122230819596,3444.3887321990824
459980.0,151.44109461147607,213.0190101195054,157.72630669107718,136.1846960741184
460176.0,1692.6868669629503,2232.358051548771,5952.33221909367,1895.053203039429
460868.0,360.3333795534407,504.813010572668,300.4559972314954,262.133829224692
460961.0,34954.99442278604,35857.83432461973,25617.72008580655,10392.386072505198
461082.0,0.0,0.0,0.0,0.0
462042.0,34954.99442278604,35857.83432461973,22726.30674987021,10392.386072505198
462648.0,1918.2898978085782,1891.877164507143,3946.773001772319,905.9485015827335
462738.0,404.2096160651929,377.7834031754132,352.4667679470655,228.62412948768116
462799.0,161.1653830338067,283.6038228445332,395.3363796986899,360.619905776151
462848.0,26458.513060030484,29403.796281496478,16172.589380065756,10392.386072505198
464609.0,9376.744385972434,10451.241861485609,5365.79236066223,17589.049694625344
464646.0,891.313068148904,1639.2621370694744,2237.511718518203,708.0698044684578
464655.0,72.97742955997536,76.21633214000805,218.67584016377123,86.6059123201182
465039.0,60.75480728294246,69.61324423841933,390.28537055882435,105.23124373682941
465653.0,470.8628231406838,666.9047120024077,132.63214640173547,1509.596364373603
465943.0,22859.431293126083,28901.64622978406,35632.54684552348,29565.25794915377
466206.0,1597.765442125195,2130.5306578122386,548.2250934571887,1018.5246885962068
466768.0,754.9593503884316,1368.121926534944,1782.955983247122,1939.0479593088976
466849.0,10320.58731423906,11181.588437683235,5365.79236066223,17589.049694625344
466995.0,4349.2668227044815,4358.128634430011,982.5217273343783,1035.6951455326998
467033.0,973.1649541880189,1289.6755883396113,974.5673631361876,502.7918782219935
467206.0,973.1649541880189,1289.6755883396113,974.5673631361876,502.7918782219935
467370.0,419.5166806574467,732.1913588622452,388.34803556804417,598.1578191748395
467405.0,1118.0521261434644,701.253741135696,215.0304204142202,576.2899457738266
468364.0,1692.6868669629503,2232.358051548771,5952.33221909367,697.8446545256329
468756.0,4346.098632048343,6296.875539090819,3308.9336976739446,6851.979749532248
468823.0,0.0,0.0,0.0,0.0
468952.0,4346.098632048343,6296.875539090819,3308.9336976739446,6851.979749532248
469129.0,18389.231242735248,27493.11738677482,35632.42684552349,13303.868168544066
469150.0,0.0,0.0,0.0,0.0
469243.0,22437.10925310848,29225.718017914372,17836.431798546957,10837.076390152466
469504.0,18389.231242735248,27493.11738677482,35632.42684552349,20169.163777906113
469658.0,0.0,0.0,0.0,0.0
470633.0,6911.671325624528,10996.668049179456,30213.102655835264,8587.506108469443
471084.0,2336.3380009148186,4034.6904946424893,2830.520522184887,834.4997241161916
471492.0,5472.514971620379,7496.776564232833,2451.557670265369,3893.1612343698275
471970.0,22437.10925310848,29225.718017914372,10182.90694528814,15247.484277611176
472336.0,51.56895880162268,67.62815373931271,61.02009619668265,53.34355531177126
473129.0,1379.852229517105,2113.525707329742,2041.5848656123007,1120.3648593203911
473232.0,0.0,0.0,0.0,0.0
474281.0,109.28913046477332,168.56284979077307,237.47630383843992,142.9818902518777
474347.0,257.4135458615161,460.52141444331164,140.06077477801654,555.1356963707161
475235.0,3618.6979284978765,5911.030145103855,1782.7354946032776,855.1585490889979
475824.0,16557.61685815348,16184.262308004698,3788.8044424610384,19471.407805240997
475877.0,9940.172762114997,16599.068756596225,35632.3468455235,13906.786768588925
476109.0,16557.61685815348,16184.262308004698,3788.8044424610384,19471.407805240997
476625.0,191.9987962773396,493.71736163913073,252.48591820259253,441.9292884614008
476769.0,472.3953061715021,1087.9109304837446,624.3535608488785,318.04487236866436
477633.0,738.6248039027691,885.5734079378616,1278.4588731171123,548.0407583109125
477677.0,1578.9877205364521,2100.833201361324,1782.7354946032776,2010.6810327150351
478403.0,2079.3610051629416,1549.7922032505567,3880.2877699970627,1233.9084956349072
478652.0,237.1833618023625,355.9240762907471,482.4458744122268,1600.7086512354458
478788.0,408.1056276252976,673.676544346825,163.3435737745408,308.8591674501503
479638.0,20511.705223568573,27493.133949827883,35632.66684552347,29441.159299355044
479664.0,16557.61685815348,16184.262308004698,13655.453693651627,19471.407805240997
480153.0,73.71005929145205,241.77261337727234,170.24169952572953,138.89844191170755
480220.0,11395.443733786984,11679.864193896228,13655.453693651627,19471.407805240997
480638.0,0.0,0.0,0.0,0.0
480793.0,5201.190353754247,6099.124288624065,5278.2831793834675,7361.41705298647
480834.0,5201.190353754247,6099.124288624065,5278.2831793834675,7361.41705298647
481044.0,1578.9877205364521,2100.833201361324,1782.7354946032776,2010.6810327150351
482268.0,20511.705223568573,27493.133949827883,32598.4795398416,7952.385397099414
482681.0,2285.871899825333,3465.8662847824567,5952.375215390639,2188.661575118456
482702.0,2496.045423022451,2841.590753560296,3404.0808267751977,7135.62803570926
482822.0,2021.242614205389,2757.9927120148145,2564.8709959382554,524.830882046779
483010.0,522.8608784712211,855.2635196807627,479.2783176537546,728.0767589615809
483336.0,93.19269617960654,319.3990624234363,89.74230188599243,42.150503235785926
483347.0,83.5494410575321,206.39533418851153,234.94635375354767,545.7661528759364
483733.0,728.9894610185207,1068.4889192944545,1728.457520370777,966.4145599793084
484334.0,0.0,0.0,0.0,0.0
485406.0,23783.290691364895,33468.53696214884,28898.121076632553,15923.957766522744
485415.0,849.1212046948245,775.8000687705236,455.8086777368429,787.327395420736
485887.0,0.0,0.0,0.0,0.0
486758.0,432.7698720615021,1280.6540771059776,673.4657092465743,456.0273518112702
486997.0,23783.290691364895,33468.53696214884,25617.800085806546,8805.26311106034
487125.0,6285.376216878325,8336.020584806007,9496.570106243327,3782.6684154178784
487243.0,0.0,0.0,0.0,0.0
487356.0,22417.395506569563,27845.97478803974,20424.136592670075,18306.54423147635
487794.0,87.75226862587097,131.37974818394653,71.46357353294692,333.8538827750847
488209.0,23783.290691364895,33468.53696214884,35632.626845523475,17075.205450623427
488457.0,694.7884057463692,929.2611150727435,2544.931538095201,1156.109114469737
488656.0,62.85228655935651,101.648717780716,174.12732355744,218.17453076608186
488930.0,2021.242614205389,2757.9927120148145,5834.7976015814065,759.3115564904831
489036.0,8053.730273388421,8985.229444706727,10257.162230819597,3833.004354210937
489609.0,3379.4016330739732,4889.123951138069,1060.0927714493355,4094.012837058526
489853.0,8364.939578223137,9408.284522854981,10257.162230819597,3833.004354210937
490223.0,0.0,0.0,0.0,0.0
490359.0,556.6735078766262,890.6141998495802,647.909414236821,886.659831840825
491275.0,0.0,0.0,0.0,0.0
491860.0,27485.183156645562,28175.881832612955,8082.111134373282,15664.22214107678
492011.0,221.50871017543076,403.43590820056244,112.39581096624774,70.67335968382994
493438.0,1234.1594910251988,2052.599880248982,2606.2213638916583,2189.7115234203798
493487.0,24558.876685233034,26919.64212843213,11613.868092393075,10684.303132399416
493659.0,39.53273687916851,88.89224854314259,100.48635911212821,120.64175835257043
493917.0,8364.939578223137,9408.284522854981,21448.136232808345,5019.100964485572
494456.0,24558.876685233034,26919.64212843213,3635.3355247440536,4395.3347892964875
494698.0,526.058198852109,1138.5668808033067,456.18241989439906,1304.2140600683617
494958.0,373.52352570874604,1279.0333299399106,673.4657092465743,453.6613330778809
497143.0,0.0,0.0,0.0,0.0
497455.0,2626.7170454157867,2703.163427261273,718.2548585931879,1858.102433236661
498756.0,0.0,0.0,0.0,0.0
498900.0,8757.16055408381,9127.626308726221,11507.461339186897,2223.0103950499197
499591.0,12855.894583258521,20206.74987131975,17248.822888916395,21029.46832518597
