,simulated_ts,tsdate,tsdate_inferred,relate
54,839.500491765317,1104.082980685366,2081.052357423748,4751.778283022052
279,2969.5230598361068,3574.561590618155,2193.9699145368686,2517.5437152907593
321,1410.7904283657308,1029.1381856785463,746.2082182306417,934.3055376535023
727,1229.9986546869306,1664.4776968176343,848.5244755283269,2816.138172895641
776,1552.1081082981561,1895.129497349167,1571.4470593820865,2527.565181869698
1530,3238.4023035641244,3459.944869282474,1864.4462287557428,4077.830158307234
1682,3750.718310035854,5061.849917599188,1973.5617227120836,3672.180838684282
1793,7593.708336796801,7140.871859204031,1829.0938750338419,1652.3839875767376
2282,1410.7904283657308,1029.1381856785463,746.2082182306417,588.3995768863197
2820,5790.121787745214,6705.699412384048,4162.034217888828,14945.885154115162
3057,8714.51088228799,7572.237621782282,4455.783461247817,5042.393565143442
3070,0.0,0.0,0.0,0.0
3568,5790.121787745214,6705.699412384048,4162.034217888828,14945.885154115162
4574,1219.4889911525308,977.987202258338,990.9165871078466,935.0679258856012
7260,983.7155628679623,855.5738008199403,1670.1975130325116,815.391942172597
7827,11834.792582975271,9453.46620143313,9669.206395514559,4513.118484629004
7915,23713.91364850885,30276.3138110062,27380.269121741083,25620.030473635274
8150,0.0,0.0,0.0,0.0
8778,8443.278845035979,10317.159583283556,6701.709469404962,7267.2693560924245
8804,1287.3586391511249,1719.308528222385,1587.9442274260646,1093.7577455542887
9010,3238.4023035641244,3459.944869282474,2020.2995621965754,1327.923309261495
10148,0.0,0.0,0.0,0.0
10402,239.2502637663554,264.59805458744955,399.85360486866324,296.8259982616078
10761,0.0,0.0,0.0,0.0
11237,19312.30797489266,17519.47260195601,8750.178495716025,13027.21197217578
11433,19312.30797489266,17519.47260195601,8750.178495716025,13027.21197217578
11519,7830.128650864959,9699.393248623366,7192.2233589237585,5607.314565493896
12263,29053.208938145195,30454.461609278216,14562.554826926023,19809.451133234357
12270,8443.278845035979,10317.159583283556,12071.169438819199,6840.305856495015
12853,18685.53813112587,17190.857666592863,6573.537012505829,13027.21197217578
12854,0.0,0.0,0.0,0.0
13923,0.0,0.0,0.0,0.0
14604,9195.812421958428,13969.995317734609,12071.169438819199,6840.305856495015
14645,0.0,0.0,0.0,0.0
14800,0.0,0.0,0.0,0.0
14836,269.5333027865589,144.21099757682367,216.34939507675512,199.9627488733839
16592,0.0,0.0,0.0,0.0
16772,0.0,0.0,0.0,0.0
18899,132.06136812808737,157.7338400233755,297.8923606974951,1209.2650137748963
19292,1944.4617089230892,2543.177569182441,1683.8006501253267,4673.2102616937755
19557,219.44725127555395,230.0557101971541,341.95727481153875,416.9385568641979
19631,28592.01066065648,22236.39881409824,5303.632463921771,12469.942185671913
19674,219.44725127555395,230.0557101971541,341.95727481153875,393.41031892923195
20140,38790.93185280119,30663.322802916347,25969.497906292236,13115.96293346394
20782,1453.3911105570546,2003.3964126243684,3503.629739325837,2590.2113099127646
21161,5506.450987421259,7263.285512096328,6024.138153102335,3041.8129725543613
22222,38790.93185280119,30663.322802916347,12048.071744160354,11883.830259684795
22357,11998.743049285707,12847.204873321569,11157.182222518315,16914.05814285856
22693,1944.4617089230892,2543.177569182441,2762.054369518661,2339.5888938657577
22840,5506.450987421259,7263.285512096328,6024.138153102335,6483.746872526718
23001,1944.4617089230892,2543.177569182441,2762.054369518661,2339.5888938657577
23885,9583.494455075499,10892.033114363521,3846.8887419941534,7505.651860298345
24733,0.0,0.0,0.0,0.0
24871,0.0,0.0,0.0,0.0
24954,0.0,0.0,0.0,0.0
25097,1328.0543830185377,1818.846407490748,2049.0488285946126,2044.5324739167143
26180,0.0,0.0,0.0,0.0
27128,10729.171809357043,10892.04884567955,6371.9703777146,5678.280191043764
27134,18256.255853867577,23397.888460076392,12048.071744160354,15476.736788483546
27198,2644.0617398916033,3941.3827454069497,2762.054369518661,7786.695272065036
27494,3899.8169351210117,5418.976505957985,4165.842628474885,0.0
27966,2644.0617398916033,3941.3827454069497,3542.189397104531,8458.586058142342
28308,1219.4889911525308,977.987202258338,529.846131773953,731.8105472524976
28370,1229.9986546869306,1664.4776968176343,1138.963623096226,2145.843277268869
28816,1440.5974745423475,1236.0338470771992,598.440068850867,307.2461044309594
28919,3555.8128700727716,4211.327508047451,6801.6085353347735,6836.7781134829875
29016,10729.171809357043,10892.04884567955,12254.017415078082,7012.549343134778
29184,0.0,0.0,0.0,0.0
30946,890.6060674479376,1072.4320033134682,763.9908111483279,694.1523319128157
30995,417.3220167289385,336.58051616742387,985.7531668828282,1246.120518088038
31822,2644.0617398916033,3941.3827454069497,3542.189397104531,7682.825307463395
32105,116.53513549605141,87.50438824856204,144.12462207884644,163.95414321236288
33402,1697.4438787003264,2492.1709701148925,985.7531668828282,1246.120518088038
33429,451.43232397279536,817.958818171745,1625.9939119685916,1894.4177113825767
33928,1697.4438787003264,2492.1709701148925,985.7531668828282,1246.120518088038
34018,4568.014705956735,6993.54939311761,8599.68889076171,3798.66612622115
34164,125.49701311256432,174.77075126643734,432.12899956422757,485.1821329047474
34397,1028.3283069822821,887.0996594434758,985.7531668828282,915.9981758060438
34492,7023.588885627882,10391.588937138707,10427.998113134476,11576.16994787136
35027,2644.0617398916033,3941.3827454069497,1220.5286974527758,7019.765712329721
35428,1430.9826803874716,1540.482559833325,1865.6287146460866,1795.153887832461
35542,3230.765469255143,4302.054793988557,1724.8952787505127,1946.8794519692276
36290,1463.6003480181596,1472.3075663060986,1807.467979871524,2689.0182433185537
37097,4568.014705956735,6993.54939311761,8599.68889076171,4738.577614938896
37419,0.0,0.0,0.0,0.0
37786,3438.0713103028816,3752.1325754792488,4362.917003236653,1161.7360076583666
38287,16041.564061189947,23397.8611493914,20096.644209127848,12898.69609534235
38528,0.0,0.0,0.0,0.0
38859,3438.0713103028816,3752.1325754792488,4362.917003236653,7062.678135580016
39110,4933.311123287775,3693.8155318117215,4362.917003236653,7062.678135580016
39697,5425.350149157474,4683.442663203949,4362.917003236653,7062.678135580016
39708,7023.588885627882,10391.588937138707,8214.782858682274,7020.249318649588
40248,5425.350149157474,4683.442663203949,4362.917003236653,7062.678135580016
40342,890.6060674479376,1072.4320033134682,763.9908111483279,1023.1804114133539
40911,5425.350149157474,4683.442663203949,4362.917003236653,7062.678135580016
41290,0.0,0.0,0.0,0.0
41319,31128.921687385257,38063.77359192722,29034.241784790498,46270.25272245657
41557,5425.350149157474,4683.442663203949,1768.912034784894,7062.678135580016
41646,5425.350149157474,4683.442663203949,1768.912034784894,7062.678135580016
42096,2452.8282219128237,3221.756688184797,1803.618774057448,5368.521390708991
42125,1107.3493960952842,1604.2109364030166,1955.396854757536,1929.1749121839628
42250,31128.921687385257,38063.77359192722,20096.644209127848,20724.61956225011
42721,890.6060674479376,1072.4320033134682,763.9908111483279,1023.1804114133539
42857,23371.87666517521,20588.66014045663,11771.715958811365,21163.44109836583
42938,5425.350149157474,4683.442663203949,4362.917003236653,2416.4610357814586
43179,957.5180023931867,698.0938974556792,1043.7157680263485,2356.230346634217
43244,31128.921687385257,38063.77359192722,29034.241784790498,37857.06706230687
43690,0.0,0.0,0.0,0.0
44077,0.0,0.0,0.0,0.0
44091,440.11137593946603,404.062082568714,314.9883014541223,355.7207913448412
44249,5786.1643948588435,4048.6238403346892,4362.917003236653,10858.39463825109
44352,33199.15827845121,32904.406501681064,29034.241784790498,37857.06706230687
44890,15322.085794798182,15469.475880702264,10775.123755509543,11894.970426949367
45074,15322.085794798182,15469.475880702264,10775.123755509543,11894.970426949367
45521,8368.653919169685,13307.324803391944,16037.45108455831,7159.927188456598
45707,756.5268301747572,966.2343913085076,985.7531668828282,1076.0266876801895
45754,7023.588885627882,10391.588937138707,9152.58572386187,7045.079386351867
46608,488.1164135511345,242.78091993047232,301.54493638035274,259.26497396293234
47948,417.33325932408377,429.90134398158244,314.86038508090394,447.8465512203929
48352,1964.719588315729,2840.6604515754066,2093.5949095869037,1250.2975938831523
48766,912.1657356959616,1216.0386065432801,985.3798344590442,767.9804721996517
49783,2620.7333290410147,3136.9464516826356,1419.6113966769465,2159.4676830182016
50165,2298.1364431537563,2540.4138805419807,1567.4452072632769,1478.5129225001722
51988,0.0,0.0,0.0,0.0
52200,0.0,0.0,0.0,0.0
53694,356.2433024014261,384.1350885940639,293.327022668318,484.57475868435404
53877,756.5268301747572,966.2343913085076,584.5952328071198,1076.0266876801895
54188,128.74332863234386,187.32481802069964,779.363812302456,250.14404660914877
54297,1246.4980851914331,1237.440129270165,1162.3001206602698,1091.8212047125664
54432,106.93639910698072,127.17242445685086,210.4060097241576,112.38440757863165
54734,60.241178142328145,62.18730797261457,127.66126004459623,72.09130978488322
54973,14640.008995622564,11724.541432803282,10775.123755509543,11894.970426949367
55244,1760.1994271019298,1422.124641788238,1447.4647221357245,1720.0926953917337
55289,521.9301915220285,507.59640229500576,1196.829398690597,469.0218521241841
55790,1760.1994271019298,1422.124641788238,1447.4647221357245,1720.0926953917337
55830,16175.750847163188,22211.444585302066,17407.01960679324,17878.009506653696
56208,16877.48268443939,26892.335509832425,17407.01960679324,17878.009506653696
56458,15275.117715292292,14195.398264123723,10775.123755509543,11894.970426949367
56627,4034.9143631681586,5826.162780802865,4637.164610452339,5328.989994736338
56915,16877.48268443939,26892.335509832425,17407.01960679324,20144.48444612073
57370,16877.48268443939,26892.335509832425,17407.01960679324,20144.48444612073
57465,0.0,0.0,0.0,0.0
57662,16877.48268443939,26892.335509832425,17407.01960679324,20144.48444612073
58279,912.1657356959616,1216.0386065432801,985.3798344590442,1391.8113159476754
59622,0.0,0.0,0.0,0.0
60031,13360.90871529873,22774.051773012212,17407.01960679324,20144.48444612073
60561,4034.9143631681586,5826.162780802865,4637.164610452339,5328.989994736338
60818,258.11986475088713,258.1636344218905,300.36603666887856,431.5109119593617
61819,0.0,0.0,0.0,0.0
62570,4262.779029413627,4032.0285636360118,2581.2593405964612,3809.793178165975
62606,0.0,0.0,0.0,0.0
62848,3978.201506016351,5437.865001031173,4637.164610452339,5328.989994736338
63031,0.0,0.0,0.0,0.0
64073,0.0,0.0,0.0,0.0
64076,1528.748335535775,1236.25832788839,1377.232943114013,318.4702431154283
64864,0.0,0.0,0.0,0.0
66140,1471.4833652109512,1434.1050029804517,1785.7137381294745,1419.8054132450686
66367,401.9079807095306,356.76875366744014,471.63633860042603,418.5638815210887
66453,0.0,0.0,0.0,0.0
66784,228.5178401734305,217.38139787166426,275.48836184244783,281.40560180991423
67644,2439.733301243237,2890.7409302121932,3353.1790523929176,3493.841692693016
67682,1673.3323984607987,2383.7944266081254,1066.1203686663823,1274.2720500740807
67778,1673.3323984607987,2383.7944266081254,1066.1203686663823,1274.2720500740807
67869,18804.91216771673,22946.51385245103,17407.01960679324,20144.48444612073
68145,8365.922366517647,12358.97186452698,17407.01960679324,20144.48444612073
68758,287.1647203750944,281.13746190508095,240.47421471978473,633.1955153347187
69092,271.38192684128677,227.19790667012157,627.5548760643345,406.8527816372895
69604,0.0,0.0,0.0,0.0
70257,0.0,0.0,0.0,0.0
70824,1382.908952821242,1135.2937233233185,935.5690046507533,460.8822459587698
71863,0.0,0.0,0.0,0.0
72172,0.0,0.0,0.0,0.0
72475,4371.620560121231,5002.1069394402475,3926.4014791726195,1986.4676975677203
73833,0.0,0.0,0.0,0.0
73938,20495.17316725427,27799.074579936998,17407.01960679324,8628.037606547621
74370,665.7543345134812,566.295979546796,739.4087515282162,1189.006501302663
74585,0.0,0.0,0.0,0.0
74606,1313.925524867165,1431.9408710418395,1828.173089250482,1574.2001482784838
75299,3978.201506016351,5437.865001031173,4637.164610452339,4217.258699819114
75363,3819.8851636010622,4602.46094626935,2061.9253856979817,5035.355965271969
76887,20501.865034829214,29932.207850616112,12166.490193785225,18358.008036821422
77243,1964.719588315729,2840.6604515754066,2093.5798487731945,719.0983893348671
77368,5783.810176662752,4722.312775608114,2104.6025891531863,5036.8086868571845
77449,23638.142124603834,36244.32550104958,19721.7375849078,19310.073036630387
77499,145.68350856532325,183.4735791902732,311.9586841402626,469.2267796066205
78257,158.85730934235363,156.39433690729652,341.95727481153875,415.36398394661035
78743,0.0,0.0,0.0,0.0
79355,0.0,0.0,0.0,0.0
79919,103.51804349974852,104.40909568001355,184.56087382954865,127.67428106787993
80103,3502.247429163822,4050.9124317625406,2511.267857006523,3321.99554357016
80359,11251.7919613564,18894.549835752092,19334.60749177309,22798.33035465536
80559,0.0,0.0,0.0,0.0
81238,0.0,0.0,0.0,0.0
81923,7754.9596130789405,5013.103387956895,5765.855607447393,10586.018142295054
82640,1176.3724774730317,1636.8118618934705,2084.9530493245775,1502.1714675429034
83511,989.6424248523549,1301.026305088145,980.8966744655501,1236.4267701728236
83579,1471.4833652109512,1434.1050029804517,2700.141940103412,1191.1376936357947
83585,2851.7406269055814,3402.620330175487,2703.11612135203,2033.6743172150254
83947,658.810336042825,736.1063537141152,773.9463622520036,802.9935592767853
83966,0.0,0.0,0.0,0.0
84342,15890.123630711005,19691.88580272771,16380.50859525378,9532.734923409966
85045,9250.625413487787,6121.136820323546,5765.855607447393,10586.018142295054
85716,14612.314972307435,16194.34833397054,16380.50859525378,9532.734923409966
86742,14612.314972307435,16194.34833397054,16380.50859525378,9532.734923409966
86906,335.15821289042094,149.10747676525904,301.54493638035274,110.81688419550515
87132,21513.199428028125,13771.732012839142,14159.791820024706,16597.317329225225
87942,38935.46358978544,39545.40002716675,31162.529633089816,44810.12736145703
88023,12215.64559223717,8955.806337754619,5801.641991856703,11893.946438840223
88035,0.0,0.0,0.0,0.0
88177,14612.314972307435,16194.34833397054,19721.732328431204,17761.244075936796
88882,21513.199428028125,13771.732012839142,17048.0435620754,16597.317329225225
89505,0.0,0.0,0.0,0.0
89768,0.0,0.0,0.0,0.0
89784,2392.1251569265014,2752.9826995501026,5028.273939607157,5017.935993762774
89848,13027.43836561653,8656.891183907608,2364.746487903183,11893.946438840223
90255,21513.199428028125,13771.732012839142,17048.0435620754,16597.317329225225
90796,363.1358171006171,297.06400326881686,881.7127447067653,368.59449772887274
92222,83.35930986564306,218.80363313667536,210.88289230724803,328.3385924971355
92353,18849.533405341434,24394.839614799534,37518.90467360116,21363.239427811506
93180,1842.2069717357772,1876.3653121600607,1849.2947526225637,2586.327549093502
93655,2851.7406269055814,3402.620330175487,262.66179713082283,794.2666949834924
93735,1272.4284772912774,878.7204359815161,1376.3099695142453,1047.0419914931779
93871,341.15559796035654,79.59370413418611,99.58939228447103,102.54710797677329
94732,17854.761164252624,16990.13234305622,12689.353107788264,9765.354911113063
94911,32872.687860715036,33170.4329991143,37518.89467359716,25457.015494947555
95268,1842.2069717357772,1876.3653121600607,1849.2947526225637,2484.12934832307
95567,0.0,0.0,0.0,0.0
96016,762.9985779062689,1358.1096840493112,1798.325153990813,1299.8175943185258
96266,658.810336042825,736.1063537141152,773.9463622520036,277.21929150042934
96271,17854.761164252624,16990.13234305622,5352.066992053376,18572.669592306866
96337,0.0,0.0,0.0,0.0
97336,29804.243113890054,32599.737136110136,22480.238410934653,23287.242651073997
97880,0.0,0.0,0.0,0.0
98262,18849.533405341434,24394.839614799534,18874.45388819708,26354.448418246207
98307,728.6982057915193,912.5751062164559,923.3202343027874,225.78715629105213
99251,9934.879643000802,9618.849540820846,9481.634334448909,7246.762087939689
99510,18849.533405341434,24394.839614799534,18874.45388819708,11827.655005536812
99557,0.0,0.0,0.0,0.0
99872,29804.243113890054,32599.737136110136,22480.255100642327,0.0
99919,4550.142763530269,6060.663179647702,7222.44967461513,2416.749686169422
100372,34045.49118346458,31171.273857356864,22480.255100642327,19740.04528110308
100396,0.0,0.0,0.0,0.0
100702,5091.886815215138,3553.787000905023,5977.211864138823,4638.447814193882
100875,0.0,0.0,0.0,0.0
101630,18787.998428164177,18090.50192146748,11470.872048589603,7327.579817647844
102088,24755.542551345512,24587.83457934654,7417.770109021213,5329.441678271749
102525,0.0,0.0,0.0,0.0
103087,540.1358006853574,487.14487442420653,657.2265163343775,572.8830497143374
103406,24109.439550628056,29828.87772947336,20745.471457088497,26420.616745261646
103553,24109.439550628056,29828.87772947336,20745.471457088497,26420.616745261646
103762,24109.439550628056,29828.87772947336,20745.471457088497,26420.616745261646
103795,867.9464717660084,709.6782115644796,573.6134988821364,463.1630778030563
104008,24109.439550628056,29828.87772947336,20745.471457088497,26420.616745261646
104433,58966.466851404446,46740.39257924459,21910.745422200605,32889.67122365318
104664,24109.439550628056,29828.87772947336,21461.234192621672,26420.616745261646
104830,68286.67296751656,52213.08144747653,27775.096876326686,26420.616745261646
104930,0.0,0.0,0.0,0.0
105389,494.7774262104159,487.4727298660869,450.4692231352825,625.7859117781416
105495,0.0,0.0,0.0,0.0
106187,19772.259281659,25775.7562721149,15357.802825336623,26420.616745261646
106346,21507.243741102182,1457.9775192362747,2681.1933734599597,13166.636154348611
106395,0.0,0.0,0.0,0.0
107258,27670.121073170445,4598.950183184502,2681.1933734599597,13166.636154348611
107264,867.9464717660084,709.6782115644796,573.6134988821364,1157.5054744578965
107342,4269.175062082785,6689.070490095916,7906.665029585457,6804.493364828862
107429,6483.856999587704,7647.54769103134,7357.800835610114,8420.111379013939
107434,116.53513549605141,87.50438824856204,144.12462207884644,137.53147255810214
107714,6483.856999587704,7647.54769103134,7357.800835610114,8420.111379013939
108165,0.0,0.0,0.0,0.0
108547,0.0,0.0,0.0,0.0
108779,1461.0414448002407,1730.6597300526537,2743.7099743689746,1624.1958025435233
108805,656.0941654202423,566.1496444367261,816.1858554329466,812.5367919608318
108960,14582.891733291202,13986.577896027375,20745.471457088497,26508.012440015187
109182,0.0,0.0,0.0,0.0
109215,26639.71376774525,27124.381841483828,14460.884015562147,3548.942868432796
109501,42407.632235484845,32424.61882872724,37518.88467360116,24218.422558870345
109685,5662.66886494201,6205.259436011822,4881.281485765132,4197.927771829811
109854,867.9464717660084,709.6782115644796,831.5082246031469,961.9669283556478
110569,45039.22246737619,42194.380252000825,37518.924673601156,25410.30632932236
110670,18271.97492868255,16686.698207281574,10494.122979790867,10498.185871139833
111038,0.0,0.0,0.0,0.0
111080,29688.0458962916,32001.96188274272,37518.90467360116,25410.30632932236
111127,0.0,0.0,0.0,0.0
111377,5662.66886494201,6205.259436011822,3106.602203067433,2247.5861792821206
111432,6969.1012646966365,6997.1791178728545,1920.5193948717933,6534.695064040861
112177,0.0,0.0,0.0,0.0
112264,0.0,0.0,0.0,0.0
112761,49773.06743165889,45122.523262624694,37518.924673601156,19491.08976845574
113093,33447.35192373144,25839.568502475984,21833.74235676903,0.0
113171,867.4699038632366,786.2992172407941,1231.8624153723597,1268.5101258011305
113440,0.0,0.0,0.0,0.0
113542,0.0,0.0,0.0,0.0
114423,135.23416454613616,185.11766922154,311.9586841402626,410.76002618438906
114525,1986.3598983715112,2512.5392477098935,3610.456141317948,1358.3217989121724
114600,11906.488001498508,10832.629902005612,1652.0901947473517,1203.799967922412
115017,3043.7183332489917,5020.0053623469685,4503.716857639512,2637.342562448041
115035,0.0,0.0,0.0,0.0
115140,243.23881673284646,289.00080114738773,302.07793409632154,131.95145890591735
115234,0.0,0.0,0.0,0.0
115481,0.0,0.0,0.0,0.0
115796,1471.4833652109512,1434.1050029804517,2098.126451655021,1527.015046418993
116175,4674.944608972176,5590.583126901183,2767.7256752708445,3331.9347021212766
116289,4085.8142663649546,4588.639244430488,3655.2888634700953,3943.8376145323227
118866,762.9985779062689,1358.1096840493112,1798.3430712689021,357.65477035823244
119145,32778.1212217794,35936.58100333843,37518.924673601156,19491.08976845574
119153,14555.573616219757,16016.59921537307,9975.84115985893,10746.214371396096
119593,0.0,0.0,0.0,0.0
119726,32778.1212217794,35936.58100333843,37518.924673601156,19491.08976845574
120047,13591.548405109874,16561.72575613717,3068.2961433191927,10746.214371396096
120320,8523.80422682349,9384.07704596114,2193.6462909784973,2939.289969023131
120329,13591.548405109874,16561.72575613717,3068.2961433191927,8629.545720604301
120813,443.0149054156097,476.4385287693258,450.4940547990679,461.8889153465365
121250,11257.036871904045,13119.313737400802,3068.2961433191927,8629.545720604301
121741,3727.6299173093057,4097.344101792951,4578.764677767844,2955.1658397118767
122740,11257.036871904045,13119.313737400802,4966.77046349779,8629.545720604301
122783,759.840686574119,642.3435665344703,889.1387019462542,650.9601526975364
123043,653.0700991826513,694.5220301400757,1317.2327108229206,1864.13258564674
123257,11257.036871904045,13119.313737400802,4966.77046349779,8629.545720604301
123533,0.0,0.0,0.0,0.0
124315,3628.658499048975,4337.4223511081,1861.160535448358,2584.2102505794687
124777,6261.796925783992,8842.746613258387,4115.907810262228,10971.476090344453
125162,3628.658499048975,4337.4223511081,1861.160535448358,2584.2102505794687
126732,0.0,0.0,0.0,0.0
127108,5546.4324022195,8589.818939805462,7906.679537410793,5449.818396240374
129170,1565.6837158948272,1996.4853104882823,2648.4734239241266,1100.337484047508
129354,7230.909353059422,12784.731714549282,7920.921851639039,8797.235164300202
129532,221.06997977162095,101.84849990481922,325.07222331051645,0.0
131050,8447.427084152732,15691.513314438605,21372.939223445468,26854.352785349343
131308,2011.6417490744552,2120.571918581827,1629.3971253805635,3035.060577978634
131550,0.0,0.0,0.0,0.0
131596,7230.909353059422,12784.731714549282,9027.131196658887,7240.349688516432
132911,65.47791890715908,77.62549002018586,136.8128880142133,89.2353953395176
133151,132.8805591075895,150.40473168373046,149.9039050380729,185.07997108169215
133749,1513.500268978733,2399.5474440820635,2227.619746319392,1673.4350425696243
134960,3217.223773948858,4208.446525038148,10597.804800266102,2504.1700419699937
135355,0.0,0.0,0.0,0.0
136563,3306.406672476007,5357.944638748507,3913.8934889992584,3389.67574067196
137938,3306.406672476007,5357.944638748507,3913.8934889992584,3389.67574067196
138240,2328.8160661640363,2767.873055927186,2675.112377173029,1709.0949432960124
138912,1513.500268978733,2399.5474440820635,3469.2977622927133,1673.4350425696243
139163,676.2180416061047,733.4049341883175,781.5711680027664,2223.2215673657
139536,0.0,0.0,0.0,0.0
139623,1466.7800886057576,1997.0511388006846,2135.8163569235303,937.4963091127346
139898,473.2342481182857,567.7179166710184,295.13565989552313,376.7617246271176
140226,0.0,0.0,0.0,0.0
140837,1513.500268978733,2399.5474440820635,3469.2977622927133,1673.4350425696243
141719,861.0100762355729,1037.022605933766,1037.2547551281248,846.4423374808233
142338,1394.756443482932,1700.9632850288642,905.4529498514718,591.590759357345
145417,1463.0657049672043,1996.4542704193182,1338.1348680719452,1870.360146856749
146534,2220.6577610602976,2525.799614037894,4771.355292188949,1149.9933518546966
146943,5282.668688388448,6901.182144690387,6118.888111655066,3560.032800410693
147116,711.6952762950162,633.266232498393,689.1001320651428,669.51357230455
147268,4198.063194583265,5136.064851360419,4097.998398018755,1808.3497154754111
147520,473.2342481182857,567.7179166710184,467.66607080350065,639.7105251861971
150230,2220.6577610602976,2525.799614037894,4771.355292188949,3276.760875498852
151130,1466.7800886057576,1997.0511388006846,2135.8163569235303,449.60887862007354
151303,1387.5807327236594,1659.549150258611,1053.7678493327053,621.5483336370552
151311,473.2342481182857,567.7179166710184,467.66607080350065,639.7105251861971
151863,1501.065472806103,1940.8114896962961,980.8966744655501,1029.3943102135352
152199,0.0,0.0,0.0,0.0
152345,1501.065472806103,1940.8114896962961,980.8966744655501,1029.3943102135352
152735,4198.063194583265,5136.064851360419,4097.998398018755,1808.3497154754111
153859,0.0,0.0,0.0,0.0
153991,239.83961156940163,423.8367658048732,470.8191647139167,449.3791653347983
154122,942.3148854902706,625.4360453808939,351.03821891493004,225.9812702659227
154660,5282.668688388448,6901.182144690387,5464.161262363942,5396.400144096062
155452,210.15975525710348,304.0975167890133,482.482653607976,697.7130583556539
155533,201.87336797899113,112.21385753124882,241.6064878978363,476.51545454895796
156024,0.0,0.0,0.0,0.0
156161,1358.0197126512014,1258.9383854788175,1070.9221337894667,1771.7952902070826
156171,442.4347053896725,511.53109410190166,472.5063951709851,704.1210318546094
156766,0.0,0.0,0.0,0.0
157587,8129.907728356341,15691.5067281089,22619.41918849217,10746.263898350906
157611,0.0,0.0,0.0,0.0
157668,8129.907728356341,15691.5067281089,22619.41918849217,10746.263898350906
159759,671.5749760581156,408.79399598864563,543.2141041183817,449.6229049826087
159794,0.0,0.0,0.0,0.0
160319,178.11146158764467,149.83417290027873,132.9633244973888,173.89209230439434
161695,7063.281253204055,13041.893020459092,11095.102472549846,5556.520058165902
162025,2920.09568690393,2143.31181252098,4068.967895314288,1909.927429773184
164310,826.5503153272297,1005.9598434391811,1002.672229413589,394.6883992113272
164429,12598.250220344222,17450.577168236294,9953.69109545443,4898.249318603535
165166,0.0,0.0,0.0,0.0
165339,10221.099866378843,13430.541324213988,9953.69109545443,4898.249318603535
165442,0.0,0.0,0.0,0.0
165610,0.0,0.0,0.0,0.0
165983,94.40593123050105,124.68403897870024,82.35960335417484,175.40239562104048
166310,509.7793724131159,369.43262303362064,422.5894244755713,323.46958004733614
166818,5979.002004175249,10256.296918199554,6389.184302644035,5825.286463342382
166874,418.35916797275735,418.2651859638144,431.3857333825118,520.7433244910586
167000,120.5417199489047,127.16117505599041,258.73083613863537,184.74139774831195
168077,0.0,0.0,0.0,0.0
168346,0.0,0.0,0.0,0.0
169795,0.0,0.0,0.0,0.0
170440,0.0,0.0,0.0,0.0
171046,7063.281253204055,13041.893020459092,9735.492279026916,6219.717151768237
171233,0.0,0.0,0.0,0.0
171408,21022.130420939342,31789.972912394183,22619.41918849217,18250.373154541252
172008,1897.0637112188276,2118.8728817930487,2277.4754968758007,2265.713542573288
172965,239.83961156940163,423.8367658048732,470.8191647139167,321.0536316661128
172985,0.0,0.0,0.0,0.0
174327,21022.130420939342,31789.972912394183,16355.928920664022,18250.373154541252
174847,21022.130420939342,31789.972912394183,16355.928920664022,18250.373154541252
174880,3809.137806930907,6138.631638946069,5348.550723609957,2372.8465209532624
175730,14677.252349920353,14961.247658461873,14036.08840137209,8681.974601379574
175844,49.72189238222071,163.86275778252508,317.57937397308797,440.6610726170398
176351,1270.6334014095835,1253.0771684639833,1070.9221337894667,1451.2336016885772
177544,335.2234128796779,348.0768447145503,372.0087309775738,503.6363394702571
177551,213.27032422410045,118.62045070818665,140.39382463366636,133.76928234837771
177845,8769.830858713125,11478.896516891054,11676.716373709254,8664.144131476576
178079,0.0,0.0,0.0,0.0
178185,14677.252349920353,14961.247658461873,14036.08840137209,8681.974601379574
178260,681.2170233758756,599.4610393108915,1420.7202599924526,1012.3463618939912
178367,1270.6334014095835,1253.0771684639833,1070.9221337894667,1451.2336016885772
178585,0.0,0.0,0.0,0.0
179503,2611.1338027870174,3839.4706256657496,4115.927810262228,1432.6698223247392
179897,9539.414078384874,11820.96257610425,16401.671898278524,17153.04630970837
179964,32788.232574804315,30588.50049574035,27129.654549780946,11566.559994311187
180697,2260.709428212651,2734.358938619758,4112.265163032495,3248.639112382291
181699,0.0,0.0,0.0,0.0
181831,6111.177744100471,4833.5849860013,1643.540555270109,1255.3656283330367
182594,799.4324391971801,1083.5417668612529,1730.0185144596335,946.3972784988342
182720,307.8248968977959,285.64509411222906,538.8436650687181,562.990143004298
184124,210.15975525710348,304.0975167890133,496.99547710272844,326.2667515331588
184924,2350.058969911861,2734.488998652735,2667.7347178233704,1715.6549287079847
185026,239.83961156940163,423.8367658048732,470.8191647139167,489.0793750609404
185164,49.72189238222071,163.86275778252508,317.57937397308797,452.1527112049645
185995,1506.1167347721505,2067.27786411748,920.7709075499255,815.1273574540361
186163,156.0580453685008,157.09602989260821,426.50921562954824,391.0339500350321
186740,492.5610206756577,606.1149526474547,691.8035455844172,474.0634992276878
187241,0.0,0.0,0.0,0.0
189322,1411.7584686306711,1302.8879471099326,7078.92169374131,1965.582715163623
189545,3369.0041584908004,4041.562565511143,3091.4893059390392,4609.029509213409
189710,10286.325686515864,14333.5151047653,11905.127966024047,8725.575069873617
189803,4329.8502881388085,2613.2420969759683,1132.244588248453,1973.84412231564
189930,205.99599544752476,97.16322428270286,225.42071669676602,302.6077077785693
190340,13346.424442058466,14320.167171255645,17306.614407488607,19541.09692980412
190795,9238.10623609717,13586.187625281274,9762.748024251376,3853.027313191538
191662,0.0,0.0,0.0,0.0
192786,548.8431325443806,311.3172011168064,483.24897171855395,609.959985154764
193054,0.0,0.0,0.0,0.0
193293,49.72189238222071,163.86275778252508,317.57937397308797,437.11108957563636
193482,0.0,0.0,0.0,0.0
193879,10660.072719655307,15884.847822594651,27129.654549780946,13995.414429019242
193914,5821.07869864597,8596.030859100925,6294.184515434325,2613.879513673115
194935,19335.23802831456,20356.370747610446,14385.617234784135,15424.962832013567
194978,2104.6527390298934,2441.659593697186,443.89466739381555,423.0368029238118
195068,0.0,0.0,0.0,0.0
195738,15443.465351225417,22580.591949734622,27129.654549780946,5255.862002326546
195792,407.7770243473521,415.8245594261468,597.1724402219481,986.6371156306659
196764,11205.15039240182,6606.739947538839,1132.244588248453,2575.9156636039156
197651,3516.0717830247063,5446.022226353314,7041.993535800144,2913.1568384657903
197659,263.37364821801526,243.14186872690982,404.5975005948748,189.34308717246583
198133,0.0,0.0,0.0,0.0
198940,0.0,0.0,0.0,0.0
199468,0.0,0.0,0.0,0.0
199801,0.0,0.0,0.0,0.0
200082,906.4850670207531,1324.4104206975594,1397.1925770628695,953.9627539584552
200147,5393.837417752117,4515.169051495474,1132.244588248453,2899.749093525162
201726,0.0,0.0,0.0,0.0
202298,0.0,0.0,0.0,0.0
202725,0.0,0.0,0.0,0.0
202988,5393.837417752117,4515.169051495474,1132.244588248453,2899.749093525162
203188,3682.0300256908395,3694.924360461636,3070.9675854977945,4277.795364963125
203622,0.0,0.0,0.0,0.0
204070,4304.514692659095,4190.7135097558785,4607.3789104658035,6011.6730789772655
204482,2307.4535850940047,2472.3668132232233,527.1275196955661,1408.952647980052
206346,966.7633729564013,1395.7165012144553,1173.7040816113395,1332.6098368614873
207436,1988.1631939091885,2729.3681844618436,3966.383628846896,2679.476033574475
207469,0.0,0.0,0.0,0.0
208170,2090.1669599522565,3172.5438219289967,2185.736003141628,1398.987699802968
212266,0.0,0.0,0.0,0.0
212485,0.0,0.0,0.0,0.0
212635,6964.569861699717,12026.247221716685,17065.907435420908,10281.419245610015
213520,184.17965877512378,354.2736602412345,779.3938121100012,193.23508632750938
214572,0.0,0.0,0.0,0.0
214689,138.8375195883916,126.04215776334794,249.28505308982022,282.02899879622305
216019,0.0,0.0,0.0,0.0
217709,1379.0989044139412,1321.9215976868627,922.8116482216899,998.935850658089
217845,10744.973214817162,16461.01285933038,16597.973501225104,21356.12172048099
217942,3060.388683580754,3355.9462158036354,4513.43052619601,6045.160687814675
217993,3060.388683580754,3355.9462158036354,4513.43052619601,6045.160687814675
218702,1580.821836208728,1026.7525915422764,1092.733716848213,1624.083385654813
218759,6277.5038597085095,7752.221251009996,6364.054007077917,8308.601983847824
218760,407.7770243473521,415.8245594261468,597.1724402219481,21356.12172048099
218899,2093.135857670638,3268.259141940588,4103.571501098221,808.3605902368075
218907,10744.973214817162,16461.01285933038,16597.973501225104,21356.12172048099
219320,239.83961156940163,423.8367658048732,470.8191647139167,326.66950803832304
219572,1114.0116305347321,1602.9269437418882,2824.291639265848,879.1989109410908
219920,3060.388683580754,3355.9462158036354,4513.43052619601,6045.160687814675
219930,8881.499941735017,13586.182370407487,17065.919880273304,17912.460486320688
221450,0.0,0.0,0.0,0.0
221471,3060.388683580754,3355.9462158036354,4513.43052619601,6045.160687814675
221796,3060.388683580754,3355.9462158036354,4513.43052619601,6045.160687814675
222862,5461.923131940259,7228.127111775667,8780.38570853674,2550.0965881707302
223117,595.2950653866205,514.5848877054642,418.4131238581618,544.4986217613412
223418,0.0,0.0,0.0,0.0
223547,867.4699038632366,786.2992172407941,872.6089001111421,710.3420474672747
223725,11963.707217631409,18041.00951290658,14006.102718405327,7759.43614961809
224569,1385.9389832719023,1667.700579519896,2791.5730509905557,1270.2459807100356
224670,3060.388683580754,3355.9462158036354,4513.43052619601,4921.849020236195
225016,1377.7678252704106,2153.465683832435,1774.0101187730136,880.1332454747975
226296,3981.3847582634903,4995.252377285053,4916.878957492844,2926.044139021146
227034,0.0,0.0,0.0,0.0
227059,1006.1853290733359,1214.318755596809,1746.0014261288766,1040.351276310074
227285,0.0,0.0,0.0,0.0
228069,1385.9389832719023,1667.700579519896,2791.5730509905557,1270.2459807100356
228309,2477.821097927401,3371.3227867856317,3347.6049981789556,3266.3123757534277
228821,1663.7073359236067,1713.30217387949,4513.43052619601,4921.849020236195
228845,33205.73570850491,36203.91085161418,28228.32446116837,10843.893299733265
229461,1128.645734446515,1538.004418185175,1444.21523096182,667.7489268729677
229554,5571.920882872793,8724.779812186442,15946.595048526475,4916.389713153342
230921,0.0,0.0,0.0,0.0
232059,0.0,0.0,0.0,0.0
232418,213.27032422410045,118.62045070818665,140.39382463366636,135.65121406091433
233225,0.0,0.0,0.0,0.0
233387,9158.494653595619,12145.270506242443,16535.58195564472,3500.047354979644
234092,4850.3852979325775,4142.691752395643,2147.7309184690193,2247.2943688800538
234118,0.0,0.0,0.0,0.0
234268,6220.21833019532,5584.952801256753,6949.039175706912,3956.5377293790593
234421,3333.76475360042,4933.407852800426,8661.084990942023,2388.1794554429953
234485,1498.6155060191577,891.2978484615769,1254.6409238825888,590.3580634496323
234705,5571.920882872793,8724.779812186442,19845.323864052647,11293.39053499878
235220,906.4850670207531,1324.4104206975594,1302.1204630764921,1177.4271047075483
236503,0.0,0.0,0.0,0.0
238015,21192.028405469795,26945.597237787846,29128.86920533304,22488.4836020573
239172,0.0,0.0,0.0,0.0
239337,3237.915280280018,3554.5010488792955,6949.039175706912,2513.4524457606117
239499,0.0,0.0,0.0,0.0
239805,11364.233097474347,15626.033222216516,21915.83506060498,10019.4915028159
240323,0.0,0.0,0.0,0.0
241640,1911.6532836532128,2462.409236761161,2133.543615935064,1311.8770958897026
242231,2104.8501013252107,3149.7207229144815,5104.138803310579,5540.302381206282
242265,1014.9520019994825,1072.1207482070208,1465.1537142544526,992.511962245292
242277,15919.247006178737,21617.9849831085,11993.196587651384,4535.676338022809
242415,0.0,0.0,0.0,0.0
242777,0.0,0.0,0.0,0.0
242918,1193.0062423652087,1788.987097986766,1936.7579783074304,1746.950013881336
243039,15919.247006178737,21617.9849831085,11993.196587651384,8635.646259661173
243362,15919.247006178737,21617.9849831085,11993.196587651384,8635.646259661173
243733,0.0,0.0,0.0,0.0
243866,2930.1503052673984,4924.522491875879,2540.598842036196,5167.762549063182
244274,1114.0116305347321,1602.9269437418882,4982.196643327977,1171.0740283047865
244714,3731.9515001084546,5450.3407185455935,5470.2141586773705,2573.8375948182897
245880,0.0,0.0,0.0,0.0
246625,14091.644828116072,19941.70918736344,26376.902434923988,17375.917910717697
247587,0.0,0.0,0.0,0.0
248201,1303.0314678026498,1902.8737971943146,970.4747759484887,1671.681834231622
248405,16782.96610220224,22755.458221476252,12188.138253301591,29237.714441453863
248431,32981.289473433564,46037.07441834028,12319.551403107582,49102.13796506217
248516,12656.139395293661,18195.252939442104,11993.196587651384,18470.509008687335
248743,4129.080769428534,4056.7401232927846,5998.9102446407915,4617.680407109179
248789,22931.398721674217,35235.67924184198,26376.902434923988,10479.503162841262
248811,150.52652189096,122.03695378263822,116.94496835235702,129.66278475337478
249116,1498.6155060191577,891.2978484615769,1116.9311289484997,904.1808932619623
249379,2024.3371125647552,2421.283416777058,2084.645567388456,2232.843784683559
249909,2848.783505153357,2501.2225238576693,5998.9102446407915,4536.532733266674
250305,2462.5692029363695,3169.093925515466,2084.645567388456,2232.843784683559
250329,17057.87309638051,17375.312601336158,8659.908418121964,5444.45488139079
250352,78.9360366525063,122.4719526459547,145.20883811678885,157.6879649941618
251181,8894.569296381589,8561.247864692385,6949.039175706912,4108.270417219393
251438,0.0,0.0,0.0,0.0
251629,442.3829199144697,161.90562219765104,196.14959187294065,239.7980458308616
254013,0.0,0.0,0.0,0.0
254486,1303.0314678026498,1902.8737971943146,1191.9655991895677,1271.0297384404505
254979,0.0,0.0,0.0,0.0
256535,8286.960103292917,7656.4292237358395,6949.039175706912,4108.270417219393
256539,8286.960103292917,7656.4292237358395,6949.039175706912,4108.270417219393
257736,220.2806021384976,190.60485112242822,408.65788392802483,185.48802534934703
259020,8797.905282136997,7358.708295083086,6949.039175706912,4108.270417219393
259781,813.8468604491419,982.8712908299701,910.7390450674187,1260.580324675901
260323,25726.118642313966,31688.776968727576,20416.17895193973,39054.85925963631
260758,8894.569296381589,8561.247864692385,5607.056737519285,7769.999062419505
261064,29005.60496436377,35760.81727040156,20416.17895193973,39054.85925963631
261115,1331.03527204371,1172.202270925866,1397.8623448662395,1851.868566308095
261560,0.0,0.0,0.0,0.0
261583,5209.961437632676,5715.8494098541005,4358.366377501326,6496.260894545415
261648,10018.23026547666,12741.100303934434,6963.774958485924,8216.084053245804
261673,9314.705357976572,8858.260775266534,5607.056737519285,7769.999062419505
262153,5433.57214766463,7217.9605368661705,4543.258468313993,6560.894356716925
263115,12047.434863879369,8209.435419993446,5607.056737519285,7769.999062419505
263394,10018.23026547666,12741.100303934434,6963.774958485924,8216.084053245804
263440,1157.793285315361,1494.9741782879066,1936.7579783074304,924.0174216539426
263630,12636.706258211043,16270.970711221102,8659.908418121964,17487.424904770858
263825,5433.57214766463,7217.9605368661705,4543.258468313993,6560.894356716925
264125,685.9789919678159,635.7996649849505,1048.662389113203,1651.0087216607913
264272,45479.718585923474,37088.44919151942,27747.253303098485,39054.85925963631
264297,5209.961437632676,5715.8494098541005,4358.366377501326,6496.260894545415
264567,33577.480444013,38677.861533856994,27747.253303098485,39054.85925963631
264592,867.4699038632366,786.2992172407941,1045.6116187552936,708.859384172912
264901,149.42577577825233,93.18632357348808,217.25693453196502,179.5506267858734
265031,0.0,0.0,0.0,0.0
265147,5209.961437632676,5715.8494098541005,4358.366377501326,6496.260894545415
265698,330.9480052641065,322.05745314294006,466.8685024732875,399.453825625691
267341,12636.706258211043,16270.970711221102,8659.908418121964,9210.099010868451
268386,1212.862416341499,1793.8581232696583,3114.9083889080866,1538.468566822215
269027,12636.706258211043,16270.970711221102,8921.10729224661,6482.514370311877
269235,0.0,0.0,0.0,0.0
270138,5433.57214766463,7217.9605368661705,7502.759577820749,3164.276763290468
270346,10018.23026547666,12741.100303934434,7433.338384726177,3611.56921891302
270498,0.0,0.0,0.0,0.0
271110,0.0,0.0,0.0,0.0
271689,114.46177103881526,149.29881388493072,191.5995818854936,117.68141623467997
272031,9610.245326731228,13632.194259529637,6034.512303799057,3533.292312447415
272222,2433.9475214805993,3497.2341247456243,4376.345012198478,1709.3598229454208
272247,408.0986184483528,320.13132921291873,181.40437522096366,267.6291508225515
272557,9610.245326731228,13632.194259529637,10692.214996835106,5643.716820996603
273168,5522.002802873571,7105.042378115312,3507.2800170716187,6821.202017914437
273180,1849.9628287125597,1525.285237967584,2103.1435880325207,2065.836786299925
274122,55.725196068580395,91.21759415167355,259.4965352446709,315.52426971629296
274550,2436.7420030439057,3324.359405808793,4176.363562921088,2624.6987167101674
275423,284.10421397127004,400.099148201172,441.08001719382924,229.3712851775479
275790,32820.13525145171,34021.970557916226,27747.239781419998,16741.684659884144
275864,5522.002802873571,7105.042378115312,2607.162296043818,2657.5291829065586
275881,627.9177604912264,797.3577097357391,1040.3667565250898,753.3118984059657
276358,345.8201734158671,429.84520039806597,517.172069124298,468.0353423449986
276858,894.3812921593382,1199.7860855286283,1377.7794269593103,0.0
277377,34370.39832840239,35202.2850002242,27747.239781419998,16741.684659884144
277891,7025.292890876333,9087.828306145295,8127.020364345529,8717.846634347268
278405,0.0,0.0,0.0,0.0
278446,23369.46967363086,28622.81268553336,10257.192665962019,21324.67169618327
278524,7551.772351053442,10224.412738915049,3255.4494795101264,6741.8444460696355
278545,155.23128198873312,171.33403620393224,191.46617687196968,300.7664359598657
279183,27773.788570277364,24423.81057919351,27747.226259734918,7052.30711118
279199,699.5338944332813,885.2400186101951,1877.9246475587531,1235.1715926137551
279718,102.554500338639,107.05654609685368,123.9894948012008,58.72782886417648
280524,1472.9590383459815,1427.3268856464997,2785.5910624181397,1266.0345916877627
280599,23369.46967363086,28622.81268553336,15458.469420538613,21688.611996944386
281332,699.5338944332813,885.2400186101951,1877.9246475587531,825.9361412845426
281624,0.0,0.0,0.0,0.0
281703,6519.980344784078,7564.417971126432,5144.722329382166,12137.833139609393
282299,10122.00845942664,10169.820131338922,2862.8723407126813,3510.44901486975
282509,6519.980344784078,7564.417971126432,5144.722329382166,12137.833139609393
282549,0.0,0.0,0.0,0.0
282770,2249.114972843342,2875.0229648591558,2117.5490184345317,2012.0165261498228
283244,36851.51645425189,31746.974829772436,15985.128275408671,23954.094898367584
284069,6519.980344784078,7564.417971126432,5144.722329382166,7955.332388278946
284509,2249.114972843342,2875.0229648591558,2117.5490184345317,2552.0837058372517
284618,644.2838657557571,622.0884971475407,425.40829448276804,483.5115360547254
284749,21157.055394843905,25610.454715165535,17501.92485724575,18427.70453377197
285169,2249.114972843342,2875.0229648591558,2117.5490184345317,2552.0837058372517
285588,16175.426811863998,16338.2086385555,17501.92485724575,18427.70453377197
285929,22315.399086005156,27663.104553177873,17501.92485724575,18427.70453377197
286116,22315.399086005156,27663.104553177873,17501.92485724575,18427.70453377197
286200,1810.1345862002825,2217.7182667325114,1878.3058513920303,856.5542126450608
286238,18527.03731404545,22413.29874410047,8784.309740812172,11078.472672169211
286347,29145.37710718802,33497.90751194229,15985.128275408671,23954.094898367584
286458,1175.3374593746607,635.0943460766432,1716.9031896971085,544.6135454870729
287393,18527.03731404545,22413.29874410047,8784.309740812172,11078.472672169211
287453,18527.03731404545,22413.29874410047,8784.309740812172,11078.472672169211
287563,0.0,0.0,0.0,0.0
287836,39125.98146465248,39204.47861807776,26376.91665908266,37260.956557769685
287881,13513.70165032716,13968.030726462548,8784.309740812172,11994.67349534784
288078,122.48788467468465,150.851170621168,1137.2863009310051,290.5321610011532
288129,13513.70165032716,13968.030726462548,8784.309740812172,11994.67349534784
288150,22315.399086005156,27663.104553177873,17421.899117694706,16038.145150608907
288245,352.6185216033831,440.09827334402206,284.851491079901,236.21005140340662
288676,7025.292890876333,9087.828306145295,5427.55314708348,2259.83879991472
288711,1175.3374593746607,635.0943460766432,1716.9031896971085,630.4609311606866
288921,0.0,0.0,0.0,0.0
288974,22315.399086005156,27663.104553177873,17421.899117694706,16038.145150608907
289030,746.9638343288995,747.96803243021,1019.4530785539253,1213.4565503140193
289217,40974.10195377888,40564.588322402466,26376.91665908266,37260.956557769685
289591,734.0508758550144,378.10465932044315,1716.9031896971085,630.4609311606866
289608,0.0,0.0,0.0,0.0
289654,22475.544254897886,22650.812844730906,26376.91665908266,13630.344244478934
289932,1896.2622555085418,1757.0819590017388,2785.5910624181397,2377.1212054584007
290044,10768.523081790867,11643.294028336959,3349.1319514021084,6612.962349129171
291016,1896.2622555085418,1757.0819590017388,2785.5910624181397,2377.1212054584007
291370,10768.523081790867,11643.294028336959,3349.1319514021084,6612.962349129171
291395,734.0508758550144,378.10465932044315,1716.9031896971085,802.2070512031167
291510,1967.2917904919298,3471.0394257154703,8321.390051303337,3740.336684310652
292220,6483.70193866262,7564.413872534349,4678.135834870679,3577.426665160308
292444,26560.230249188142,28648.855861769407,17421.899117694706,19570.46800227322
292572,3703.399122435143,3235.499193528003,3494.30951059398,2355.6431098109915
292957,47013.26478104493,42576.24606007308,26376.945107377,37389.40545716126
293044,47013.26478104493,42576.24606007308,26376.945107377,37389.40545716126
293282,2435.713005198158,3774.16702156385,4911.099313399808,2447.9708650022776
293288,0.0,0.0,0.0,0.0
293453,26560.230249188142,28648.855861769407,8089.8604050663125,19570.46800227322
293870,106.93639910698072,127.17242445685086,314.8831655151362,202.06877714604994
294708,1087.2417352744988,1384.4071480173632,2916.4153881256,1396.8822733000802
294783,26560.230249188142,28648.855861769407,17421.92065318359,19570.46800227322
295131,3158.0784558099135,3554.516307964102,6312.449714561085,5283.487290984998
295595,47013.26478104493,42576.24606007308,26376.945107377,14075.880966248613
296016,10768.523081790867,11643.294028336959,2522.531293448652,1752.4452827977254
296583,11885.42654164189,14087.809309515593,5437.9353956878995,3113.445903496639
296831,128.74332863234386,187.32481802069964,147.0773146568322,113.12334065434949
297653,47856.604986244085,38732.929093334504,26376.93088323367,14075.880966248613
297704,1752.147167242556,2748.3570554212192,6270.077708978008,1532.6424149161476
298217,335.2234128796779,348.0768447145503,238.6235982259542,203.35884045696167
298273,3112.4604551423267,3981.8798425923233,2432.9238932357944,6345.469308175716
298849,0.0,0.0,0.0,0.0
298870,319.21421942939224,316.7856602763516,422.658892946951,437.84964813392276
298944,3112.4604551423267,3981.8798425923233,2432.9238932357944,6345.469308175716
299273,0.0,0.0,0.0,0.0
299899,0.0,0.0,0.0,0.0
300398,0.0,0.0,0.0,0.0
301127,0.0,0.0,0.0,0.0
303097,441.68136755786185,362.10362082118064,426.7529191336771,664.9549248182166
303759,734.0508758550144,378.10465932044315,1716.9031896971085,683.2477125347731
303965,388.67748079370006,469.6267372420816,174.5340478840469,244.9473790429283
304458,3987.392507872554,1719.0088260644038,3167.669142878016,3121.0488948749266
305714,249.66005039139344,255.88349723559304,855.2560199666939,313.1628694226057
306359,184.17965877512378,354.2736602412345,779.4038123024593,474.1415794296046
306702,2627.6963125912243,2748.5421125008925,1693.4165352404127,1905.3418787713663
306847,3987.392507872554,1719.0088260644038,3167.669142878016,3121.0488948749266
306991,9347.011714894625,13632.18231531298,21801.188422489246,4765.462477871376
307801,382.26044758148504,245.17397642147475,337.0276132145442,119.9878173815992
309048,906.4850670207531,1324.4104206975594,1009.322946923698,699.9536541050414
310152,0.0,0.0,0.0,0.0
310179,34.3680671032853,62.88405841652538,123.13696819699939,82.19205349423994
310656,6483.70193866262,7564.413872534349,10541.197806706776,5371.597026024941
311258,0.0,0.0,0.0,0.0
313981,1017.6978904778258,1075.140908232168,632.0334999483302,1211.5965220237304
314489,0.0,0.0,0.0,0.0
316067,22243.69877319475,25807.722341480945,31010.331256931884,26882.913237593875
317902,1087.2417352744988,1384.4071480173632,901.4603587544486,1736.3057260920382
319268,1087.2417352744988,1384.4071480173632,901.4603587544486,1736.3057260920382
319378,1987.3823312654026,2161.7649100449535,1986.8643665521265,2792.4243064047414
319451,4508.923053511418,2345.476023883216,5998.97278723197,6116.826501544735
319463,914.3832498132413,1116.7444513501991,645.3517871441305,1054.2662946618373
320060,4508.923053511418,2345.476023883216,5998.97278723197,6116.826501544735
320305,0.0,0.0,0.0,0.0
320466,4508.923053511418,2345.476023883216,5998.97278723197,6116.826501544735
320519,6483.70193866262,7564.413872534349,9202.339872877583,7987.626743908356
321323,1564.5370516817952,887.3485156188146,285.65679140026117,692.5643716218731
321386,0.0,0.0,0.0,0.0
321504,9347.011714894625,13632.18231531298,21801.168160025456,6187.694472127725
322985,5491.570906116017,9291.215412581461,16399.635679352978,4883.434853942458
323010,0.0,0.0,0.0,0.0
323081,5170.0268928749265,7034.716996366846,5998.97278723197,6116.826501544735
323306,5170.0268928749265,7034.716996366846,5998.97278723197,6116.826501544735
323313,6483.70193866262,7564.413872534349,4096.785181431644,7987.626743908356
323411,5170.0268928749265,7034.716996366846,5998.97278723197,6116.826501544735
323553,5170.0268928749265,7034.716996366846,5998.97278723197,6116.826501544735
324221,5170.0268928749265,7034.716996366846,5998.97278723197,6116.826501544735
324515,0.0,0.0,0.0,0.0
326117,23103.54006249021,30215.46146396412,31010.31915807951,28185.391545089453
327590,0.0,0.0,0.0,0.0
327672,0.0,0.0,0.0,0.0
327704,5289.7365326488425,7139.290758097267,2223.6791144953004,4662.90324561855
327724,1400.8541672358647,1723.8254352498122,1292.7014956541718,1085.4935607271009
329852,1446.9229000732435,1800.3940827557078,1405.813473864751,1855.8470827684052
330064,5720.3691562802,6368.433684104889,5999.035329171115,14730.612105883449
331162,6483.70193866262,7564.413872534349,11410.56280934084,8171.368464033426
331447,14124.08242276764,17335.31981001327,22933.773809494356,18407.8788022955
331525,460.8809323149844,548.1706999517558,474.7739211815334,1030.6363759541966
331771,32413.987622927805,29989.98738526642,31010.31915807951,28185.391545089453
332594,8061.831847296789,6994.120126888037,5999.035329171115,14730.612105883449
332661,0.0,0.0,0.0,0.0
332746,6483.70193866262,7564.413872534349,11410.56280934084,8171.368464033426
332884,32413.987622927805,29989.98738526642,31010.31915807951,28185.391545089453
332965,14124.08242276764,17335.31981001327,22933.773809494356,18407.8788022955
333801,5289.7365326488425,7139.290758097267,8514.732896775431,4662.90324561855
334256,8094.486934647442,11644.24074280799,20520.54374667172,9286.337257067504
334855,6483.70193866262,7564.413872534349,11410.56280934084,8171.368464033426
334858,519.3027444680653,548.8054727938098,565.0917225050017,385.11403514024255
334994,5289.7365326488425,7139.290758097267,8514.732896775431,4662.90324561855
335853,4268.360137997897,3338.185953185149,5998.97278723197,1738.3386750630616
336375,0.0,0.0,0.0,0.0
337355,2285.364178661992,2845.588217747804,1467.5859542021885,3185.0768944877923
337608,2285.364178661992,2845.588217747804,1467.5859542021885,3185.0768944877923
338579,1087.2417352744988,1384.4071480173632,901.4603587544486,1023.7076449455675
338831,0.0,0.0,0.0,0.0
338852,0.0,0.0,0.0,0.0
339452,1446.9229000732435,1800.3940827557078,2300.212493090532,1855.8470827684052
339728,716.2079617194356,376.58839877278075,696.81050189313,601.4711399643378
339819,716.2079617194356,376.58839877278075,696.81050189313,601.4711399643378
339853,3104.2139963704053,2643.171900186242,5998.97278723197,1738.3386750630616
339894,13488.19941724934,12523.869476142685,8514.732896775431,4662.90324561855
340483,1760.6021092131716,2008.0070178245173,2703.507161493493,1355.118647646766
340526,13309.782509983623,13766.608221849403,8514.732896775431,2642.8677197884876
340574,0.0,0.0,0.0,0.0
340635,3516.0717830247063,5446.022226353314,6270.059990512014,3085.0261077015216
340727,0.0,0.0,0.0,0.0
340969,20786.190039345194,22927.520792823125,31010.31915807951,18825.294908181386
341609,6483.70193866262,7564.413872534349,11410.56280934084,7126.801186016066
341916,0.0,0.0,0.0,0.0
342309,12063.40423240828,13411.53196040363,5880.357993274069,13094.284367158061
342578,12063.40423240828,13411.53196040363,5880.357993274069,13094.284367158061
342617,1564.5370516817952,887.3485156188146,751.8381644306729,415.56432526625764
343074,0.0,0.0,0.0,0.0
343680,9504.203910099766,12397.090900025156,17794.40842058736,11052.629289313923
343685,3104.2139963704053,2643.171900186242,5998.97278723197,4326.075222670082
344784,0.0,0.0,0.0,0.0
345444,2449.9530740896093,1931.962721386766,5998.97278723197,4326.075222670082
345575,0.0,0.0,0.0,0.0
345608,13309.782509983623,13766.608221849403,9515.51645457697,11141.581160679125
346061,701.0571799857825,569.6257450741905,355.84873064160826,393.77942737273617
346451,9401.780117457212,11256.665144001672,15098.845895494567,15516.600521377099
346454,6483.70193866262,7564.413872534349,5399.738812056584,6634.379837030739
346653,32210.39736593049,32565.30705268183,18703.138334391624,16951.95809043899
347018,1574.9869911727203,1076.794307336427,751.8381644306729,1154.5708264935504
347508,419.83002956491435,324.1043403067995,337.88836083920535,248.4815809994777
347779,2349.6387790407352,2588.414829013711,2216.5278765327607,1930.5046818125047
348091,2694.504279886086,3448.6535010923826,3919.8162785740033,2164.7679515366076
348115,4080.207786951234,3908.2940692473244,1283.3700427060414,2561.652737735933
348882,1664.1008759707897,2203.8559346359693,2131.82120324762,1773.8090004281746
348932,0.0,0.0,0.0,0.0
349404,17969.903082713034,22137.542432227914,5399.749441736026,7740.473229719227
349832,192.2071514640151,320.37164425299954,1989.7776842049461,965.628853701048
351964,3524.273069159714,5734.794654394829,7221.194851363981,3937.5215132364674
352105,4469.377191425212,5162.8108106890995,1239.5680524898764,2561.652737735933
354832,0.0,0.0,0.0,0.0
355392,4469.377191425212,5162.8108106890995,1239.5680524898764,2561.652737735933
355413,9872.179217885146,10511.72426620238,7577.191226370796,12243.735721135115
355580,4469.377191425212,5162.8108106890995,1239.5680524898764,3790.9123440143007
356240,1339.7099330142944,1831.5298909597775,3948.349119130301,2274.1692495722477
356455,4469.377191425212,5162.8108106890995,1239.5680524898764,3790.9123440143007
356456,352.6185216033831,440.09827334402206,385.3367147750712,434.44072178837007
356515,3526.32118427951,5531.548088890299,4827.233830606593,4971.79678731945
357284,1552.2068426205683,2483.020300697011,2807.7623076208874,2950.8680187022937
358015,129.51456451742885,166.55217493393152,242.70586632507406,193.14948452739912
358568,388.67748079370006,469.6267372420816,344.99196252436644,638.2670529801769
359432,0.0,0.0,0.0,0.0
359703,2596.2032652066478,3238.3512686534773,2043.543648525153,1792.839375878386
360885,720.5633447270241,399.8497578584996,263.7259825458624,368.9243031544547
360921,2669.057877830783,3510.4135611021757,2703.507161493493,2639.120964772172
361569,11410.026227246368,16182.137433942231,7766.761605125231,6138.6359623209455
361619,9295.484372580124,14171.914203603876,11695.470133405046,14938.331533340663
361726,11410.026227246368,16182.137433942231,7766.761605125231,6138.6359623209455
362999,13524.861684085157,13729.727269166726,14327.03540170169,15547.400958841963
363492,917.883903414429,880.554584250096,897.3751381195127,810.1085500598052
363623,11410.026227246368,16182.137433942231,7766.761605125231,9138.374687328156
364575,0.0,0.0,0.0,0.0
364778,4879.891200170425,4691.457497549594,3457.163754037598,2348.269812223459
364863,0.0,0.0,0.0,0.0
365725,0.0,0.0,0.0,0.0
365946,0.0,0.0,0.0,0.0
366240,35131.15860219364,40713.141885528115,14327.021078749713,39049.93056895236
366354,32018.91303876222,34069.759079889525,18703.12922004553,28221.316006522444
366799,32454.560742955007,45108.42762750545,14327.021078749713,39049.93056895236
367337,32454.560742955007,45108.42762750545,14327.021078749713,39049.93056895236
368094,8472.003703294647,11859.406576265155,12323.978655618275,8322.537042873404
368630,75.19841001605621,90.0963853246091,114.04337216095269,80.88163033099667
368759,32454.560742955007,45108.42762750545,12862.4863610301,39049.93056895236
368941,260.6701484577957,417.82606034149967,225.07508651218862,555.398337678463
369334,22542.58731501077,23323.90446790784,6695.5094414230525,9099.70470026363
370019,0.0,0.0,0.0,0.0
370408,22542.58731501077,23323.90446790784,6695.5094414230525,9099.70470026363
370631,22542.58731501077,23323.90446790784,6695.5094414230525,9099.70470026363
370677,213.5941370836542,128.79149518228064,129.89257800164162,224.14594803386476
370814,29579.43317232401,37747.842356721325,27747.226259734918,24047.965656994773
370886,16727.70771182435,20869.491347956195,2631.778851909289,11698.055929768843
371165,0.0,0.0,0.0,0.0
371297,192.2071514640151,320.37164425299954,1604.4550885412477,761.6399177958045
371705,720.5633447270241,399.8497578584996,263.7259825458624,189.41555548396755
371710,16990.85488266927,26581.16784928047,9791.61590144409,12050.06022374992
372169,0.0,0.0,0.0,0.0
372501,16990.85488266927,26581.16784928047,9791.61590144409,12050.06022374992
372559,6662.479561868021,10276.021860390809,8951.53673256544,4409.008216866918
373376,1731.4787692597563,2117.5905597044716,3100.1666403478866,1500.5616465177297
373654,2349.6387790407352,2588.414829013711,1388.3835820388047,3157.352823331596
373761,539.1896376936276,448.44686563720444,946.9734281755689,472.8425910004301
373908,2033.0368150243878,2578.883566931746,3938.3213952742008,1231.8237841387866
374185,29521.839987541847,39324.968410236484,20404.112715655054,21895.997799826342
374429,29521.839987541847,39324.968410236484,20404.112715655054,21895.997799826342
374474,356.2433024014261,384.1350885940639,293.327022668318,367.196774804736
374497,29521.839987541847,39324.968410236484,20404.112715655054,21895.997799826342
374553,24004.38669429854,32658.244206355008,24910.853230447145,36568.58574651199
374730,0.0,0.0,0.0,0.0
374790,716.2079617194356,376.58839877278075,696.81050189313,375.42914516590207
374976,24004.38669429854,32658.244206355008,24910.853230447145,36568.58574651199
375227,0.0,0.0,0.0,0.0
375288,29521.839987541847,39324.968410236484,12365.444472110528,21895.997799826342
375350,164.36876581683086,144.7678442086123,184.53638398194505,189.23015391105088
375813,2498.892589536429,2333.2684564406204,3512.529519800814,2084.6385585995477
375979,2694.504279886086,3448.6535010923826,7221.164851384753,2845.0273334363587
376023,1576.7781630210354,1852.5839065037462,2131.82120324762,2663.7068135588797
376347,150.52652189096,122.03695378263822,116.94496835235702,87.98299517918221
376550,33295.10002867055,35563.022830313384,22737.489731823393,33579.03547512942
377229,2498.892589536429,2333.2684564406204,3512.529519800814,1919.4745409720858
377421,7133.097672243309,9380.74131690601,5254.474436263896,7741.468372343841
377559,7133.097672243309,9380.74131690601,5254.474436263896,7741.468372343841
377990,18113.13752705979,20388.031923018225,15268.94705619344,19909.473274800617
378154,1281.1197066725135,1362.0965358519447,2073.542502556865,3618.619090205544
378218,7133.097672243309,9380.74131690601,5254.474436263896,8586.238448703833
378556,15961.246571704109,24888.67476611616,15690.125921593515,12292.073516864435
378577,6959.814445054368,8673.043830233692,9692.750573542333,8924.867800253402
379064,6959.814445054368,8673.043830233692,9692.750573542333,8924.867800253402
379584,0.0,0.0,0.0,0.0
379774,6959.814445054368,8673.043830233692,9692.750573542333,3893.4583392403215
380178,7133.097672243309,9380.74131690601,4417.841893724387,3685.479027277187
380798,12638.010855473505,14659.702174985825,17786.42069602266,20163.984733157282
381262,659.8546758762826,511.75990997306843,570.114707683738,1105.2395529657813
381597,354.1433979487274,541.4039535410521,484.9975557359512,380.5701667498387
381654,44657.101780921555,34377.74677061241,29908.436316516432,31850.011788694836
381833,8523.536355850307,8693.292723552644,9692.750573542333,9526.418838367334
382166,7474.236209965254,10035.58059241184,12837.799932140628,7386.1471203869205
382436,2694.504279886086,3448.6535010923826,7221.164851384753,3696.0290138065748
382481,25442.127040193656,24661.216062670486,10249.521012214289,21681.072472781416
382555,0.0,0.0,0.0,0.0
382557,2666.127217119751,3136.028770717968,3858.35577711875,3936.32837197305
382628,2265.5233255180865,2126.5525330499845,5849.892498244862,2081.2582523079636
382848,2349.6387790407352,2588.414829013711,1979.9077311782078,2020.5466192345082
383880,40008.68391533424,40985.496639728306,29908.436316516432,31115.6327702009
383909,7636.309977638621,10364.231317624379,8368.515570455002,7770.675060636625
384074,7636.309977638621,10364.231317624379,8368.515570455002,7770.675060636625
384175,42104.05197860698,35660.96878036504,16253.177731000584,21347.9588602283
384899,6018.49432114196,8125.779615825636,8368.515570455002,7770.675060636625
385056,6018.49432114196,8125.779615825636,8368.515570455002,7770.675060636625
385217,36344.13635763513,33679.4529433049,28204.81624714966,19340.595851782848
385685,715.1450522502894,489.1359640918872,385.0221658538665,904.9475416840471
386074,1619.4409317827867,2021.2557631381703,1309.1313135433209,6376.8476136724485
386621,680.53036480398,287.5127008414096,511.4536561465966,373.4921406134271
386706,17888.150198460662,21050.739524532746,7209.221926984268,7794.471705702703
386749,0.0,0.0,0.0,0.0
387106,1380.4025413568334,1388.9916787324835,1398.4225112271765,2323.7244957180274
387144,509.7793724131159,369.43262303362064,422.5894244755713,308.0810079492081
387332,3439.532735273946,4522.089741922641,2707.899617716744,3006.2118552590405
387677,539.1896376936276,448.44686563720444,946.9734281755689,303.0504699484889
388523,0.0,0.0,0.0,0.0
388833,7862.499322500871,7111.4765077391685,3584.3714727810507,7895.693433765016
389546,17888.150198460662,21050.739524532746,16795.468690224556,20494.05288931401
389567,5379.50060065832,6847.071696198903,11571.857465956378,27096.772612250337
391253,17888.150198460662,21050.739524532746,10178.508537286092,20494.05288931401
391382,7716.263904441761,7066.680227890535,3584.3714727810507,7895.693433765016
391805,0.0,0.0,0.0,0.0
391998,12707.19586536247,20291.330220087995,10178.508537286092,20494.05288931401
392104,412.30849311132096,254.79011600918474,337.88836083920535,276.527653995039
392233,80.67501047818527,51.224379613173326,77.52589698036371,124.06339359375914
392745,6018.49432114196,8125.779615825636,6746.310952564526,2434.072825225244
393205,48.11333022928316,157.95354968093355,221.46984354493728,186.69754736150125
394887,7716.263904441761,7066.680227890535,3584.3714727810507,7895.693433765016
395186,6038.247712914877,9039.716871453993,8865.673828980784,3645.4386278059874
395221,6038.247712914877,9039.716871453993,8865.673828980784,3645.4386278059874
395582,36398.214741869866,37489.23715497459,26376.902434923988,28838.128906882986
395680,0.0,0.0,0.0,0.0
395824,35668.168099164664,33467.30091024183,17161.761697753194,26010.908513352624
395884,6038.247712914877,9039.716871453993,8865.673828980784,7253.387311801293
396654,36398.214741869866,37489.23715497459,26376.902434923988,28838.128906882986
396706,10517.378557703541,11044.703765395128,4021.687681355432,5833.121970694595
397528,3651.720761139348,4827.207080261145,5928.40675487286,6850.56320049673
397689,10517.378557703541,11044.703765395128,16991.8067982591,27822.259535127625
398495,10609.218008068236,13102.534866491791,5894.758630536892,5043.086505742292
399118,35936.771955025346,43337.22610895357,24904.56982966667,29642.322260916062
399285,476.6187083794857,415.66155152781664,680.9899274447255,1449.4448497269566
399786,35936.771955025346,43337.22610895357,24904.56982966667,29642.322260916062
399866,35936.771955025346,43337.22610895357,24904.56982966667,29642.322260916062
400044,1142.5705699315783,1490.8159282322638,2195.0918265071787,1656.6316474702517
400178,3835.345764855739,5734.802236329699,3901.0355657948094,2950.4215332728304
400189,17410.347019623503,22243.548326410615,16991.8067982591,37309.49700196989
400302,0.0,0.0,0.0,0.0
400420,17410.347019623503,22243.548326410615,16991.8067982591,37309.49700196989
401040,1142.5705699315783,1490.8159282322638,2195.0918265071787,2258.509332303057
401698,3947.723785061051,5280.433360460438,2355.181899029282,3300.644773161753
402214,7254.341105298547,8477.619961400185,7066.583706509251,6716.773995751234
402228,17410.347019623503,22243.548326410615,16991.8067982591,35487.213052732106
402694,1283.2364500506537,1038.300306215761,635.1979923754798,1476.6280203558374
402839,34381.19091831789,37538.82396466773,24904.554764581717,26382.429924288626
403147,152.4328827974103,97.07919470720856,215.84147352536203,291.54176553283065
403865,1563.824869979002,1220.5348771028864,1503.666849825393,2063.4019960977066
404201,0.0,0.0,0.0,0.0
405134,35936.771955025346,43337.22610895357,24904.554764581717,21305.035363735024
405308,0.0,0.0,0.0,0.0
405521,125.88515738352481,249.73548930534372,134.43795668404258,439.6808678302935
405716,35936.771955025346,43337.22610895357,24904.554764581717,21305.035363735024
406217,16275.848977647507,15905.725055304936,12750.893266850775,13931.130177412026
407464,0.0,0.0,0.0,0.0
407843,0.0,0.0,0.0,0.0
408235,2264.6852119982323,3521.358993631424,1962.5637274474225,1187.5764774236648
409537,15361.765891901985,18750.42527526172,9544.234603590412,13250.345974803828
410043,10609.218008068236,13102.534866491791,4102.38716785875,5212.499630215814
410210,5281.337098522339,7579.519469009093,3365.257080735117,5376.7644301940545
411079,1128.6016153966686,985.2446163704332,535.7770070032046,2538.9504804938592
411117,0.0,0.0,0.0,0.0
411521,10609.218008068236,13102.534866491791,4102.38716785875,5212.499630215814
412164,1389.969196911787,1545.8921069812466,867.6403601707059,2604.007879692379
412578,15213.881933010874,15383.965055098566,12691.077708127876,13930.845628855413
414552,0.0,0.0,0.0,0.0
416170,15213.881933010874,15383.965055098566,12691.077708127876,5659.533194707847
417067,15213.881933010874,15383.965055098566,12691.077708127876,5659.533194707847
417337,0.0,0.0,0.0,0.0
418884,11148.198610746887,10421.347516435448,5037.875819138549,7352.7825879730735
419748,2909.2457790225976,3936.403758026779,2856.0833550180914,1626.052885609813
420307,10609.218008068236,13102.534866491791,6844.541038855112,7542.817363757392
421189,4978.855694791552,5085.097575588509,5037.875819138549,8642.367503757288
422112,1286.846652190013,1714.0125997713242,1056.0722848205248,1136.0511278767344
422586,0.0,0.0,0.0,0.0
423171,0.0,0.0,0.0,0.0
424748,0.0,0.0,0.0,0.0
425468,2832.0470569425015,3581.357332388834,1788.0608212897025,2037.0957975755584
425584,1363.1444267816596,1235.8398442010937,1438.6462816287053,1358.0126416937362
425660,0.0,0.0,0.0,0.0
426457,92.51910149888693,110.36827662249902,228.20588242748624,129.0309036967501
426884,30259.252856939776,21189.836631362847,14628.931308528667,12199.933104652666
427030,0.0,0.0,0.0,0.0
427037,18264.412144897484,22721.012060608668,24121.055791086037,31628.361910475225
428274,18264.412144897484,22721.012060608668,12691.064804121504,10775.609272704722
428322,30259.252856939776,21189.836631362847,11128.926348260777,35588.91413488195
428709,0.0,0.0,0.0,0.0
428781,247.6088975830729,147.2841839435199,352.877694277188,976.2072237388945
429020,20078.82776933315,18391.812569058133,20526.83265533891,23092.856655251642
429262,0.0,0.0,0.0,0.0
429456,390.6979264531681,342.08699965056303,535.7770070032046,860.1853785835934
429676,1296.5419498032074,1723.7301744985248,2021.1542735930316,1294.4087056451683
430135,3766.8982946449514,2558.5645435500433,3415.4154576204387,5568.562900066767
430385,0.0,0.0,0.0,0.0
431549,12957.954984377504,18774.190339529843,10419.911837448764,6814.898944078334
432475,0.0,0.0,0.0,0.0
432593,13072.548437276131,13194.828020450566,20526.83265533891,23092.856655251642
433129,2452.4818371244196,1835.5895594631054,3415.4154576204387,5568.562900066767
433394,2452.4818371244196,1835.5895594631054,3415.4154576204387,5568.562900066767
434126,1128.667018225301,1661.1541536368054,807.5696173446456,1000.1287333938566
435076,26675.804595393518,19752.409277041712,10419.911837448764,6814.898944078334
435959,30080.33185715307,20304.867512181947,10419.911837448764,6814.898944078334
436299,0.0,0.0,0.0,0.0
436513,2206.783906772965,1965.1467670621496,1124.3168517085949,529.6563417037504
436587,1283.2364500506537,1038.300306215761,461.2248877543124,629.6751325167605
436665,1414.1233519551301,1598.5929786083916,1493.5803149572043,2554.461129710139
437074,10141.096680197023,10805.223551565923,20526.83265533891,23092.856655251642
437136,25976.467108010835,28095.32044484294,31069.6073844438,12873.79551624151
438271,0.0,0.0,0.0,0.0
438812,0.0,0.0,0.0,0.0
439310,0.0,0.0,0.0,0.0
440145,25151.706111405034,24461.885413146316,24787.725313749335,9076.971930770746
440639,25151.706111405034,24461.885413146316,24787.725313749335,9076.971930770746
440893,3564.455491274762,4537.316384433376,3805.532297406324,2964.904279534164
441287,56247.855902046686,38135.29025466952,4863.22477210102,14040.944421939716
442058,5863.951996470003,4018.9906795650722,4124.376206370506,14040.944421939716
442073,317.66423929138216,314.6474871539859,275.66708762264756,850.5623094988397
442230,523.28965796659,455.8963296561078,365.4076847545899,1034.2806460579257
442531,5863.951996470003,4018.9906795650722,4124.376206370506,14040.944421939716
442846,192.03493795115273,298.73430943742864,301.40273870912137,323.6956596156334
442868,34099.497307305886,34197.305755497066,24787.725313749335,20028.000144797283
442966,5863.951996470003,4018.9906795650722,4124.376206370506,14040.944421939716
443058,1095.4735220044734,1520.7742442216654,2021.1542735930316,1274.2699488726869
443303,25349.521444088336,25762.447562219826,24787.725313749335,20028.000144797283
443601,4359.254200787667,3027.6957306410595,4124.376206370506,14040.944421939716
444942,1012.4766679113942,1116.7591313622497,1189.0527218663901,1286.281875667227
445017,0.0,0.0,0.0,0.0
445627,5863.951996470003,4018.9906795650722,2538.5168310265076,1292.8875804492825
445767,5863.951996470003,4018.9906795650722,2538.5168310265076,1292.8875804492825
446098,34099.497307305886,34197.305755497066,24787.725313749335,391.4779086066033
447791,0.0,0.0,0.0,0.0
449227,2178.563394257463,2452.0377052911203,352.8205004207517,1292.8875804492825
449784,1656.9247455088134,1451.6113490481798,595.5937290925633,364.54090178469687
450238,1128.667018225301,1661.1541536368054,2130.891164693944,1251.9727054852274
453139,1316.8170990691463,1287.6985539269187,903.6498507937757,955.2169373498357
454423,0.0,0.0,0.0,0.0
454841,0.0,0.0,0.0,0.0
455798,4412.968556989323,4422.927589404966,1893.0535964404287,2585.4284030601198
455860,19555.058771625096,23752.10108367362,24787.725313749335,17120.396891544307
456258,8053.455947749306,9671.389761483706,14544.281526377807,8354.935123626035
456559,2370.9395565392992,2366.875351919923,1893.0535964404287,2755.831380585539
456803,0.0,0.0,0.0,0.0
456959,6708.20864681797,8416.921183764,7015.543561281928,5117.1357359366575
457126,9433.764032474211,12166.620873569413,24429.293965942165,10987.49718689384
457591,287.4648419101276,376.3535077017613,395.69098257106316,266.38473870700625
457749,888.9535218969106,871.6525637540757,1572.606016089361,1637.8613026993464
458873,15292.13534314046,19822.37759483997,6178.294923988075,16114.367833396382
460354,0.0,0.0,0.0,0.0
462841,1617.1406535979456,1503.681078585826,1124.3345106751915,492.97381425791775
463176,35588.86381266376,31184.00360876,11081.292171001354,10298.725157610528
463830,0.0,0.0,0.0,0.0
463912,1472.1316326604,1888.3866697271533,3301.1820789778258,1875.068140532498
464117,0.0,0.0,0.0,0.0
464271,9068.193342869105,11216.396606452316,3061.601528749658,3923.7118764761512
465693,9068.193342869105,11216.396606452316,8665.73939968335,7841.043006131264
465853,22474.870220602905,18601.616475200295,13368.564272621976,6854.984713768514
466254,19517.948520252314,19601.53769170429,13368.564272621976,6854.984713768514
466273,627.9177604912264,797.3577097357391,535.6063789476408,163.76561461430174
468623,25462.477349935973,25761.363559340374,12385.028194995255,13699.974547713584
468727,13905.310106261411,16431.806731512337,5000.858136888694,7841.043006131264
469251,1923.3407225952299,1869.6509245436903,1023.113783401544,1653.1384526409154
469820,6265.3874444003495,6741.177987034286,5048.569220121705,5133.854925657717
471019,1128.667018225301,1661.1541536368054,2975.8340279846693,675.2999698074923
471141,1472.1316326604,1888.3866697271533,3301.1820789778258,2125.714813303986
471166,29920.097693148764,32084.881715785315,24429.293965942165,12630.703092068945
471272,0.0,0.0,0.0,0.0
471498,11406.261676538039,13064.32965030961,6886.978083116687,11093.435788789693
472548,11197.306188739467,13458.554183513408,9179.314354149194,4940.7132052771485
473132,295.29692343673287,162.9633793118836,220.6413466508834,212.1804887471984
473179,888.9535218969106,871.6525637540757,1572.606016089361,1676.7625101784688
473405,0.0,0.0,0.0,0.0
473525,891.619536446077,1211.951949704622,1078.1206054095426,562.9213311422831
473731,14880.235967675259,17169.823667616234,8142.601447222113,5705.255355512144
474414,244.06580962578866,214.7346938637669,366.20071428230443,0.0
474605,0.0,0.0,0.0,0.0
476062,710.6867215433548,860.0874611078567,928.8060033524025,511.1158934507906
477246,8126.986019736689,8146.460086287698,4218.713908368135,3234.436523414859
478665,1770.0468012762701,1921.2796967401043,3494.8475596799058,1822.9505603279536
478973,1414.1233519551301,1598.5929786083916,1493.555315062074,437.8991172998639
479105,1822.649460975737,1910.9592233547426,685.5422262585753,2076.542986959336
479201,4354.199878124015,4652.179452245791,4311.582120113664,1889.2115741758516
479675,1755.611896491314,1465.2141487795366,1664.0025117790951,4566.699701972969
479990,2297.664840220921,2775.7281787283423,4015.2530730028648,3228.9059599963575
480622,137.83906116713266,295.5167321471089,204.13916366604366,181.0205242672775
482689,0.0,0.0,0.0,0.0
482912,11275.346587358235,12468.560019011167,5381.205489259463,3234.436523414859
483047,412.30849311132096,254.79011600918474,321.62243672572055,278.3567285876165
483697,6388.593691178973,8721.037766936097,6659.798651285597,9156.127950613185
484561,1755.611896491314,1465.2141487795366,1115.62365280444,4566.699701972969
486526,0.0,0.0,0.0,0.0
486736,0.0,0.0,0.0,0.0
486801,338.06212734864175,284.77381284724873,244.49274538945,279.03702788518945
486805,2309.228890004268,3044.069301274256,2799.9322732859155,1706.1392791328612
487185,11275.346587358235,12468.560019011167,8142.589218605344,11317.869462226538
487534,3582.928582364658,4072.665505763618,4411.852388597689,3204.787067123181
487670,3808.600138149866,5210.393348076561,2011.2516860220899,1612.1372269133915
488555,16482.38265597834,21165.094442743033,12517.632448480386,12987.178728307392
489139,0.0,0.0,0.0,0.0
489389,7364.046781152795,9660.417365981542,2114.5716171059426,3558.4551718969287
490386,0.0,0.0,0.0,0.0
491288,2297.664840220921,2775.7281787283423,4036.886021723114,3031.984431078102
491408,627.9177604912264,797.3577097357391,535.6063789476408,341.2464180383437
491528,7063.394529364597,7842.34895667484,4311.582120113664,3055.541825601476
491627,1822.649460975737,1910.9592233547426,1643.4839903997447,789.9970358931735
492660,18503.26778321249,22023.018040136576,12585.07360248326,5800.14782542652
493035,0.0,0.0,0.0,0.0
493204,4299.797848234323,6661.082935060248,2513.3745396037057,2252.3816042136377
493980,0.0,0.0,0.0,0.0
496523,4409.011429305744,4077.718715217585,4818.492964131979,1964.4740848888794
497547,222.27473075481834,178.44056164156015,336.259095076969,563.6214555444105
497600,8159.753069707681,11108.85763525107,11540.435258639322,5463.702358062708
498548,580.7629165572876,284.2461597161811,417.90378760577073,178.7027564297764
499768,20893.222017637556,28185.61159205514,24429.309324111313,21418.083061282585
499841,2698.77726579139,3572.461968815003,4036.886021723114,2366.974295466683
499874,0.0,0.0,0.0,0.0
499975,14960.37967300593,15329.307496664478,13064.645628830165,12157.254877644047
