,simulated_ts,tsdate,tsdate_inferred,geva,relate
13,2905.1887009802967,11320.690446158276,569.4277751269636,2536.58966593,4247.025
17,130.04424625317242,610.2939677208332,2041.875428958786,72.14343355,186.75475
25,353.2091908977639,1122.8365061188263,2809.2074568400762,334.51260542,463.689
33,828.0949453065225,3927.7846827915573,278.54636393034167,536.02406826,116.29499999999999
73,556.3830420139847,3185.9482595405166,1012.6706357773696,970.29042282,5509.2173
75,556.3830420139847,3185.9482595405166,1012.6706357773696,900.41529109,7061.54675
76,5347.410349061088,22081.272322454184,1604.2001881182737,1678.46347022,787.4435000000001
101,69.79709851374731,563.1878889252812,368.2099507654168,157.25401191,136.617
115,102.70631642004435,295.8200291631251,564.5972331449047,175.457159,510.2749
116,519.6167447579447,2196.6356375447604,1575.3133498593404,1024.72557544,727.5215000000001
118,358.1884163165495,770.5356612368057,3973.781205907896,385.24931893,362.868
124,15.357737238698702,2.5884479642293505,1256.9005415702718,109.99389748,102.16999999999999
137,358.1884163165495,770.5356612368057,3973.7820490389495,534.62668066,1291.661
138,263.5218414149085,683.7529609637111,1157.0745413088828,101.27780534,81.73570000000001
142,358.1884163165495,770.5356612368057,2521.2970904847725,297.26428121,1291.661
151,691.1082705088897,3202.6600858101765,3028.8358185159736,461.56522654,1763.5775
152,691.1082705088897,3202.6600858101765,3028.8358185159736,446.44304695,1763.5775
153,281.73179983124214,614.0831672075254,1501.668049263643,398.03629285,500.78350000000006
157,284.4353403316147,492.1025576213085,2521.2970904847725,233.74926376,1291.661
161,882.6929182215068,3499.907881713667,3028.835175877151,492.70097599,1890.5865
183,736.7740304197795,1929.1129100789856,504.6351075491349,367.88569487,714.238
189,736.7740304197795,1929.1129100789856,504.6351075491349,362.79184742,714.238
190,691.1082705088897,3202.6600858101765,3374.0724128459165,645.25490568,5183.66345
200,691.1082705088897,3202.6600858101765,3374.0724128459165,675.2008974,5183.66345
221,691.1082705088897,3202.6600858101765,3374.0724128459165,475.15451307,2563.4037500000004
243,882.6929182215068,3499.907881713667,2144.6235369083697,535.21991815,1237.8595
248,691.1082705088897,3202.6600858101765,2158.1021293904423,957.20247573,3764.7001
257,882.6929182215068,3499.907881713667,2144.6235369083697,516.35111375,1237.8595
260,194.69030497159048,790.4761939661272,6.889792582348699,141.16962027,399.84745
294,0.0,0.0,0.0,103.94697895,77.36925
311,3584.2891439977693,8787.243657184626,6820.5485606271695,391.62543155,1842.9077
318,2682.733087176701,6921.841728060103,6820.5485606271695,343.47115455,484.44849999999997
350,15140.29493013798,50977.49905301749,15714.497614377293,728.27678013,3402.367
360,7409.3496393484265,25576.382051160737,12602.278819705647,501.49278033,1547.1755
373,5636.61917907672,18882.64318202165,10066.03137794859,675.6853588,1238.79
376,0.0,0.0,0.0,458.34539951,769.969
382,4726.480048244709,26609.11459855458,4617.274015384519,617.06313584,4170.198
384,4624.342133186979,15796.855119065256,14192.265161774667,406.82694413,4388.8415
397,9909.427937557628,41661.36285866089,12687.1972155218,262.12134146,4388.8415
402,5895.13002518279,20587.792863575294,6572.759927983182,217.18981382,957.1886
403,585.5688949861,2921.3472315314466,1716.31137484414,679.26320619,949.369
416,2029.263316300383,13357.736688228362,7054.289114508461,139.20550209,163.7817
417,194.69030497159048,790.4761939661272,6.889792582348699,233.10305018,199.10750000000002
432,0.0,0.0,0.0,266.13616928,362.7085
444,10419.96182017511,33663.19266482936,20087.80106669293,73.37004293,156.8981
449,39049.43325822731,71670.28519633907,33466.59368399531,317.77148375,438.5715
454,8072.017558931443,33322.13109314009,12439.640117844283,136.94753425,118.507
464,14241.331768010808,39638.42695666573,17891.68001349833,268.35902849,300.006
503,48721.28397217155,71361.36502342865,41211.811395215824,373.14290993,2973.2662
526,24223.8943496817,70353.14913579529,50152.49133326808,86.25357115,123.3566
527,90.88716332833533,389.2944555663931,1159.5127781414403,325.98335837,268.28650000000005
536,0.0,0.0,0.0,1425.03238245,1178.535
538,0.0,0.0,0.0,266.95953714,1048.1695
553,9913.094684730057,23471.30765853257,33443.31183324808,126.77486576,615.52475
560,10098.28552822365,25129.333139941864,28068.48897561166,114.23744962,247.85555
570,0.0,0.0,0.0,485.49253729,762.394
573,0.0,0.0,0.0,2007.40936939,729.8985
577,19563.375789416794,70738.0306227315,54582.56638953455,142.90181236,156.04999999999998
581,12100.02169380062,39632.87952781357,33626.294303567614,1772.6051886,2301.9705
595,4222.233925610289,9056.38705604432,1476.5530279075156,1179.01333412,512.681
611,11030.26565957451,43183.45285953731,16314.529474100651,225.00461083,1059.6264999999999
616,5459.244856799512,31598.662759389535,9578.008273415444,152.05163741,369.31989999999996
635,5848.643085390361,24306.505272437036,7758.09439030936,146.74538053,599.5799
646,0.0,0.0,0.0,653.93107657,3380.154
658,29409.3468854031,58649.256783278026,53462.093276544525,238.39991249,628.6475
659,171.67970352364003,912.5355225208255,1522.3714397442122,2099.24635503,6584.191
664,6411.468071783672,25827.759756915068,16314.524474098353,4565.91503926,6584.191
688,2532.4923328461923,13602.98765275503,10571.433924017814,672.67738871,327.97600000000006
690,24048.612152389178,59622.89609275398,27151.461537010055,1091.05641778,5404.804749999999
691,1804.297435973331,9848.586049568434,1122.8031655777313,395.21133249,387.84149999999994
701,24667.58284191124,58649.256783278026,50842.42318390737,328.5540335,496.25350000000003
702,171.67970352364003,912.5355225208255,1522.3714397442122,1077.37199101,5404.804749999999
703,1804.297435973331,9848.586049568434,629.7860673332644,453.3243848,665.4775000000001
704,233.4882773605669,388.2363884126539,1207.7247269220811,120.92212037,911.48125
707,24667.58284191124,58649.256783278026,61495.182309878546,3445.32707223,2694.354
708,1742.224161648303,5493.895238499489,2904.4215002030023,334.4542032,370.08200000000005
717,19334.20780322246,42438.48516738795,21445.29416641552,3087.38096044,7617.681
726,0.0,0.0,0.0,574.92021556,4414.3814999999995
732,0.0,0.0,0.0,1167.52441327,5074.044000000001
743,0.0,0.0,0.0,352.33325123,506.206
762,14757.817711449392,39951.0865225141,9958.030709062567,196.0678681,349.326
764,1885.6945479907959,7899.877213898398,3741.6648850603547,472.20130219,1087.568
767,502.7952121524254,2992.722143914557,1711.870576108816,718.36665673,1031.9735
778,3879.0109520206697,15343.39928149582,9439.553892662629,381.27856461,911.7774999999999
785,0.0,0.0,0.0,665.03718499,2206.1415
792,3879.0109520206697,15343.39928149582,9439.553892662629,853.91737956,2206.625
805,4226.323852331499,14338.850837295515,14053.831289753813,1132.50398222,2206.1415
811,3848.4193073963547,11909.498087341812,8256.612147694617,640.579653,0.0
814,16655.72934510603,42438.485167387946,24789.93062941802,85.45208466,90.01310000000001
815,47.517928629318305,173.1352891465012,929.4995860583617,569.34736058,521.9325
819,18335.927280474378,42438.488128063516,24789.93062941802,777.76393121,330.187
835,19887.2066691349,71515.64121854048,55674.517439606,945.16421843,2729.7385
839,18335.927280474378,42438.488128063516,24789.93062941802,965.25489494,2729.7385
845,18335.927280474378,42438.488128063516,8576.592192268405,444.89684758,969.3720000000001
847,10826.903410152605,43135.41794030886,33114.063519086194,117.78259967,79.78939999999999
853,0.0,0.0,0.0,407.59177058,510.3075
855,3266.234505109968,13407.51240882909,9439.543892662627,313.29542081,681.0250000000001
866,3266.234505109968,13407.51240882909,9439.543892662627,386.67110646,1738.7973000000002
868,25894.11821951136,70095.83019420221,71072.57356748119,761.05705502,2852.4075
878,13650.588126870529,66272.62446935065,24789.94508150884,86.6205315,59.925599999999996
879,64.43056125112183,329.72567649747197,459.7641225810773,344.95056515,1400.8899999999999
888,2123.5058286204553,7919.430497262358,6237.438482249774,949.89768239,1433.0415
889,1920.525448292543,5584.260648743781,376.1030000966433,870.67303898,1433.0415
904,13171.994136541663,38503.583890398695,24789.93062941802,424.87908004,1855.324
911,7330.921350770668,36958.6014141127,24789.93062941802,764.11577263,695.5345
927,3951.8481187800644,11143.081444436426,4738.940694902774,238.2064105,2312.045
928,280.3875032289706,1569.5124338544188,1308.465341945078,1784.56890518,110.21600000000001
929,1296.3717284952447,6025.916415680289,2039.9040078947025,450.68917052,1152.853
968,21532.324460636275,58649.26086637461,52002.05106438976,211.63870298,760.826
975,21532.324460636275,58649.26086637461,70728.94299484866,604.04032686,347.223
1003,0.0,0.0,0.0,793.81183261,567.5015
1007,20387.550557966908,50732.13606248469,38593.87273723961,366.29903083,811.89205
1018,407.5994472717257,892.7125816148258,1501.7305967905675,405.47439311,60.873599999999996
1029,22076.51029703702,67508.84699655052,27762.06442622319,253.5010894,750.3595
1030,498.017642544065,1062.0469660689544,684.4691823361886,230.49995674,182.973
1034,8112.701311099664,36958.607226215565,13764.151276944716,327.4401154,750.3595
1040,719.702504841553,4805.033950118116,4097.418817246223,420.49139523,477.146
1066,95.51822618799892,350.02867181751463,981.411146430859,206.16440204,297.32005
1070,3266.9707419163424,10251.21969047157,21880.205952149972,4074.94010581,1021.0355
1075,12151.0065021684,39638.424217311396,9837.028718521067,479.0522099,100.67249999999999
1079,17572.077496927133,50732.136069807646,26957.296015373515,458.13656138,4444.445
9,919.6266843568425,3845.821018703474,671.84228007692,1752.93539195,940.1705
20,919.6266843568425,3845.821018703474,671.84228007692,1242.2173539,940.1705
40,611.0447183383898,4296.449675264454,7781.295686519527,618.5504237,817.3615000000001
51,611.0447183383898,4296.449675264454,7781.295686519527,496.06456425,1465.4135
81,1249.5441315512728,4550.002930189268,5356.406217843482,1038.63230457,1574.911
95,946.6851244418957,2748.372786976872,2921.5148951982937,1151.25331164,1021.7135
97,946.6851244418957,2748.372786976872,2921.5148951982937,923.64027766,1021.7135
122,1218.8158178870337,4976.3875175628,1389.880982996711,618.18624256,348.95500000000004
136,793.6228440236061,1683.5586863758679,2359.244498911276,642.10142657,1610.6695
160,793.6228440236061,1683.5586863758679,2359.244498911276,573.02288623,926.3605
180,3568.1404557750297,13190.003014999646,5264.789084708446,2384.25779978,773.1434999999999
185,275.7009115063559,840.9115680010126,1099.1680838259995,214.70692,105.71750000000002
188,956.2278469778911,2753.665868628334,5239.800712582757,1068.34852047,2948.4004999999997
199,3401.7548061375846,10975.321587677843,5121.709675976743,1902.12494254,773.1434999999999
203,3401.7548061375846,10975.321587677843,5121.709675976743,1972.93006551,773.1434999999999
210,277.6483918982415,823.4577996361915,1976.9662719240944,499.46095175,119.41300000000001
218,956.2278469778911,2753.665868628334,5239.800712582757,481.15964397,2071.9995
222,3401.7548061375846,10975.321587677843,5121.709675976743,1796.72353658,6005.62
228,3722.8417774825907,11658.232005974178,3308.876819155442,1234.68977382,1243.855
253,3868.0009716289233,15411.6591728273,3308.876819155442,1249.54355156,1243.855
284,4171.002022646661,24413.217296804127,5479.241155881017,1214.14597401,1866.0700000000002
287,0.0,0.0,0.0,297.96856201,280.05100000000004
295,57.09417268811663,202.3203348123018,1501.7205967905672,1051.03396316,1262.9450000000002
341,7875.325241492446,27105.473847845053,6999.2055304555815,364.74248681,681.4254999999999
357,0.0,0.0,0.0,331.50320624,1288.1209999999999
399,1922.180789169757,6558.182396339982,5262.086258257627,476.92225165,125.977
414,5895.13002518279,20587.792863575294,6572.747137415991,331.19066257,609.9205000000001
450,389.01248799871587,1193.6817418058135,1778.1609445549554,308.96873158,500.1755
478,639.6237996698712,1433.4415455809371,7951.1883068554935,188.95685565,119.13640000000001
483,0.0,0.0,0.0,2446.48915543,1510.4685
540,0.0,0.0,0.0,483.33059039,10634.7305
548,6633.206409204474,24592.146608496365,6445.341215109112,565.61749694,10408.993
549,1841.1566195309294,11964.02079627152,1711.870576108816,671.99328658,10408.993
561,284.54058001513533,1369.8980099901385,2520.2399991940824,584.68358293,765.591
564,6633.206409204474,24592.146608496365,6445.341215109112,480.81612975,765.591
604,11680.499598200955,38644.74991159137,17546.111964221225,548.61137564,3635.3965000000003
612,136.4749604512091,388.2363884126539,1522.3714397442122,298.13886392,762.4685
618,3142.9879169102987,13909.140952729154,7781.059476966406,641.93582488,1399.5285000000001
638,0.0,0.0,0.0,333.70432189,824.188
641,1044.8450177736297,3120.8533247881596,3741.6733640108955,721.67178614,2596.956
647,1159.2135728135668,7042.963828981774,1309.8402252576877,233.43016218,688.458
653,4671.81770622441,17169.679739363866,8082.121031910791,953.13559885,1128.455
672,4898.470954349279,23114.75257570238,12048.846530983637,272.55979051,688.458
678,10830.132908374526,34793.478880194234,42035.024215957026,278.67615794,2171.1035
695,24977.013532013254,58644.890000194195,50842.42318390737,584.68001947,349.78000000000003
705,158.44947433143824,736.7534146458479,2.6101255859685764,932.57496923,2466.4435
733,1742.224161648303,5493.895238499489,2904.4215002030023,520.83826473,921.645
752,29173.842935041706,71514.33063445984,51374.43915491863,383.48888918,712.7855
756,29173.842935041706,71514.33063445984,53615.895280459445,649.7366462,203.43699999999998
758,12961.194571699576,39974.36022967896,33175.16611971181,431.9999662,1261.731
766,293.50287034333087,923.8823293196574,883.2069206393118,346.29141722,225.94399999999996
774,12961.194571699576,39974.36022967896,28946.539205729172,674.65784889,4719.263000000001
776,5051.540534252299,17703.783284479425,35443.27843830294,673.36271575,4719.263000000001
790,594.7194329769685,3651.822229925535,3330.796347274561,1212.03539853,421.41800000000006
801,0.0,0.0,0.0,947.9463906,1070.74
850,6127.602647898778,16902.099147406487,4127.849606488219,804.15760148,506.418
859,9932.69371636121,38767.654174526055,26502.603687323157,911.85907234,695.7425
886,0.0,0.0,0.0,946.59093821,922.733
899,3425.9516246791654,18059.127049101695,14899.655938555163,735.73646751,0.0
908,0.0,0.0,0.0,423.44146484,113.571
916,4760.548665708616,18958.700861288373,12330.652990104567,724.32296143,714.995
926,16536.56276386153,55243.87848931315,71524.35173704464,4742.7086775,2626.675
935,4760.548665708616,18958.700861288373,5121.280195389902,379.41655515,1478.319
938,2298.7560782016253,11899.764772253879,2176.756403630058,2562.29150454,2626.675
939,3951.8481187800644,11143.081444436426,4738.940694902774,3268.80144824,2626.675
943,0.0,0.0,0.0,1270.79594127,5692.6539999999995
946,0.0,0.0,0.0,1294.70893255,5692.6539999999995
947,4253.852217089578,15489.849772593465,7612.843494050733,818.77718623,527.5039999999999
965,540.6306163379963,4842.484617507001,2077.5595948573928,2247.40257256,6866.3275
978,728.8861979908561,1865.7827252747,1695.9152304514762,1242.64902038,6866.3275
982,1584.308534857333,3986.0406992719654,4047.6797413647305,402.29103624,2907.6724999999997
984,21023.731345837303,58649.25677477188,52492.24064349769,1261.73606627,6866.3275
1008,159.85898405814135,731.7197745198229,920.5401428964241,520.09657367,1454.0595
1012,3738.9235092280346,13124.253605849148,6884.856630167636,1403.76773119,6213.656
1013,4470.054753954098,17829.757182678124,10373.032799616996,437.34612875,343.612
1017,3487.3655741185903,20793.00757775616,7541.60981193536,643.97767813,107.37250000000002
1021,1782.7079548358454,5831.506293256358,6032.742109341841,5235.9039725,6213.656
1045,29169.745192803508,50732.136069842585,38000.4276176366,3450.34510142,3862.5705000000003
1065,1995.2681935173532,11285.51351253629,4397.97038654804,3963.07781503,371.40600000000006
44,2908.2035684147263,11417.122411170854,2290.441388473729,1640.88866768,509.51750000000004
55,2908.2035684147263,11417.122411170854,3230.0322924631823,1392.6058926,509.51750000000004
56,515.7713651505402,3100.8176664127677,1826.4322330754178,1055.92376074,631.234
59,2908.2035684147263,11417.122411170854,3230.0322924631823,1283.74473239,2793.6944999999996
68,380.12259822098,1433.426545607098,3153.3238140912476,311.57821,691.4825000000001
71,2361.9421634650735,11898.086533461112,3576.0208729587994,1161.15192035,6109.4375
77,2905.1887009802967,11320.690446158276,1932.4892238629836,5206.7457317,6003.55
79,2361.9421634650735,11898.086533461112,3576.0208729587994,1287.37230001,2201.688
82,2905.1887009802967,11320.690446158276,1932.4892238629836,5022.36811316,6003.55
84,515.7713651505402,3100.8176664127677,1826.4322330754178,1144.04200928,2774.956
91,5254.91967012454,22081.281109508338,2921.5148951982937,3485.33312876,1347.2735
103,2658.863149233351,11898.088256087214,3576.0208729587994,1410.04167509,6178.5475
111,2658.863149233351,11898.088256087214,3576.0208729587994,1877.04598457,6178.5475
113,2658.863149233351,11898.088256087214,3576.0208729587994,1759.36743564,6178.5475
127,2658.863149233351,11898.088256087214,2330.321293747697,1027.70239435,6178.5475
204,430.8144242376457,1165.5589205954936,3431.041454567757,319.73390667,195.64400000000003
223,1379.2956830282535,6635.268723372055,4687.944711029167,1660.49533869,2200.4825
255,5312.812251423794,23798.21488286722,7363.212204655266,3376.76722012,2989.525
309,7363.989211058959,27105.460627213295,11095.209096730845,405.80913263,65.58050000000001
336,6939.780295024901,23790.24716802416,11889.139444137105,579.31367623,1326.979
405,5409.901964012437,25576.380199663254,21548.715180746734,547.26083862,537.028
582,2836.5779946233297,8071.405206565785,2877.0982329739695,1328.52964648,1281.2755
587,19563.375789416794,70738.0306227315,54881.2106411606,360.56124631,155.49750000000003
589,3865.2612041793614,22489.676869683342,12465.40482484546,1313.80063711,4074.6289999999995
627,0.0,0.0,0.0,1581.23460779,3635.3965000000003
670,28316.194648156805,59627.33569958189,27151.47286147861,593.00372139,538.0705
676,12076.923764954776,46783.679333616325,44200.89586794308,592.55563406,266.728
789,23826.34121402614,71515.64335490191,52586.87004544517,667.78615782,636.0965
894,0.0,0.0,0.0,595.97805418,469.58899999999994
933,8603.31623356267,32436.93471218159,11057.15293920787,470.79395099,179.7115
964,2810.4132782182064,6392.327439185338,11107.142309693012,899.84954147,560.8355
977,20431.705256068803,67508.84108980517,14491.037363264533,549.53010817,351.5065
1001,8505.877979429137,30599.61946887944,33114.07088384534,1449.67154789,783.3349999999999
1022,4470.054753954098,17829.757182678124,5501.208674122963,1019.55620771,864.8154999999999
1025,7051.649313643369,26676.854189157184,32864.48686414565,1465.80895479,864.8154999999999
1039,0.0,0.0,0.0,2761.34114743,1549.9645
1047,3487.3655741185903,20793.00757775616,6459.276676323076,1060.18118685,2129.1355
1048,964.8806826041415,2828.633646076035,3491.329301769908,3656.40469891,2067.4705000000004
1058,839.9627188492344,1943.6420949567575,3716.570062143991,3190.41233391,1006.6734999999999
1059,719.702504841553,4805.033950118116,4097.418817246223,973.3774529,1031.118
1060,891.8439159060443,1907.3351464745297,1700.5952882697632,916.74537513,1743.975
1063,0.0,0.0,0.0,5445.22108797,1544.1480000000001
1072,0.0,0.0,0.0,5119.22999818,1544.1480000000001
1076,501.0150102969403,1713.1677511079786,680.0316378095075,2416.22449824,691.6325
1081,0.0,0.0,0.0,2456.02980187,4413.678
18,2024.0068195212564,10569.679711314779,2724.7097444715096,1060.08985717,605.9369999999999
22,588.2060927693183,3006.4888334591,2421.8519796284427,725.89191653,579.365
105,2024.0068195212564,10569.679711314779,3660.8484447964456,1170.99324935,1171.341
176,685.080578256154,3540.731489946089,2421.8519796284427,732.26025919,528.5535
267,727.3007298018497,1943.6420949567575,2170.416792417398,320.23913424,332.46299999999997
344,43264.42053254233,71670.28519633907,18626.982970707228,948.31530924,3420.8
352,3835.836529065436,13253.39335794868,10677.055670192969,3163.74187629,3198.3025
406,647.923198169575,2379.8902968584835,2821.603927348535,987.72763278,0.0
412,0.0,0.0,0.0,1957.7135581,1397.5225
413,2029.263316300383,13357.736688228362,7054.289114508461,1687.26359399,9920.3955
415,563.8181169547189,2980.07500293967,3274.032568700319,3218.60597282,1397.5225
423,25703.758371557415,60866.45298082275,34709.76162567983,1562.20953162,5447.005
424,5895.13002518279,20587.792863575294,5667.191866628416,1748.77814108,5447.005
425,5895.13002518279,20587.792863575294,5667.191866628416,2327.0791265,10015.244499999999
435,0.0,0.0,0.0,1327.29819856,10015.244499999999
439,25749.05762071422,70357.85904045406,39981.50962372355,1172.44850717,2314.0675
440,2029.263316300383,13357.736688228362,3123.5880369453835,1350.19259233,1260.1585
452,8072.017558931443,33322.13109314009,11970.473283415406,1390.01096882,3287.025
504,306.4545781042436,2153.192092575875,2115.331726324356,5041.50843569,2691.036
512,34449.201492593136,60039.10760530906,38660.605553308866,937.80453992,6231.5795
517,34449.201492593136,60039.10760530906,38660.605553308866,6117.69919592,2691.036
524,24223.8943496817,70353.14913579529,50152.49133326808,1223.86752705,6231.5795
543,0.0,0.0,0.0,1505.61201161,3269.835
546,6633.206409204474,24592.146608496365,6445.341215109112,4911.52849879,3269.835
556,6633.206409204474,24592.146608496365,6445.341215109112,680.79303285,242.063
567,3865.2612041793614,22489.676869683342,8045.492370796828,6140.37433148,1004.3040000000001
594,4143.802926713761,21922.668813912827,11409.095171935638,11565.61501163,1949.575
608,11030.26565957451,43183.45285953731,16314.529474100651,769.48567401,1068.931
640,5848.643085390361,24306.505272437036,7758.09439030936,1224.25313347,491.56550000000004
660,1742.224161648303,5493.895238499489,4253.649636507459,529.5274828,370.9375
682,21214.22291159741,48921.64985022292,50842.42318390737,13732.01392571,3458.67
741,3757.2727869841638,14591.739647768763,21061.93140445974,1323.17657132,5392.565
760,22782.877183570174,67363.20296434364,32773.85615017168,2324.32178513,960.318
765,2243.974753934424,6323.806190677547,1783.9649686240648,1848.90998598,874.3810000000001
779,390.78635520359114,1244.1440589291328,1778.1651670671831,1696.66221006,4384.845
780,7823.83250402788,27519.32694029953,13111.931537038457,1982.32218163,4563.835
782,6676.611999143979,27047.005743559563,35443.272993845996,1630.1158038,4384.845
808,1386.083949390719,4250.737355697794,2095.7873998935206,3577.17650367,4563.835
810,5175.29295001223,14499.184796920408,3766.5852211958854,8434.97841782,4384.845
860,819.7000506924098,3025.502900272584,2850.625869632221,7151.12537897,1372.025
896,14064.284752360045,39150.24446546685,24789.93062941802,1009.82711821,180.90099999999998
966,4253.852217089578,15489.849772593465,7612.843494050733,2277.40096198,1203.48
988,0.0,0.0,0.0,2421.01354709,1203.48
996,4352.9502671648825,15507.297330815112,8831.931078526392,2843.34585766,1957.6850000000002
1064,964.8806826041415,2828.633646076035,3491.329301769908,1242.52368329,179.235
32,8090.934420055177,37290.237583997914,10738.102887003633,11383.76919879,1618.945
74,18944.827196995786,43196.80433635271,13738.836482900371,19817.45935736,15182.3
94,4071.465354890967,16049.188956237376,6851.912661357806,4267.04533655,4699.150000000001
120,4071.465354890967,16049.188956237376,7087.18370176511,3401.33110195,4699.150000000001
186,1629.2709081651515,5090.080409178822,3991.213247475762,941.93684068,254.28449999999998
271,2126.5791697730483,6316.950895982821,5561.863657938853,985.01893088,1596.6200000000001
378,6286.28177470892,24240.099609641074,6572.759927983182,904.95747018,727.529
386,6286.28177470892,24240.099609641074,6572.759927983182,853.58718217,1935.9194999999997
390,6286.28177470892,24240.099609641074,6572.759927983182,11668.91459507,1333.275
396,10593.883574223264,36678.575253438044,6441.735224499544,12215.89707016,1333.275
398,691.1082705088897,3202.6600858101765,1716.31137484414,1082.93157361,469.6600000000001
592,14411.056995803607,58859.968533181396,20343.508661045445,1857.2610951,703.535
699,23750.68307272672,59627.33569958189,27151.461537010055,9114.65386559,418.77
722,19334.20780322246,42438.48516738795,4533.29718223533,1591.18561062,3863.885
763,210.94514585819562,1031.9647320412955,684.4433695583369,2271.99694076,704.905
803,0.0,0.0,0.0,960.82808788,380.837
807,3977.5813236341082,10286.4994908523,4714.542148586836,2331.52493232,549.6949999999999
876,1583.1105171171275,8890.909099189832,3538.518775642297,2096.83363948,358.2085
883,7530.839849494871,36958.604320164246,24789.93062941802,2185.05481025,281.52349999999996
890,1920.525448292543,5584.260648743781,376.1030000966433,2178.82361637,3256.1755000000003
897,762.9440298441515,1872.329230653857,2939.454875253503,2272.90205288,1246.335
914,0.0,0.0,0.0,700.73463717,266.49999999999994
955,0.0,0.0,0.0,3957.22168404,535.635
1057,22610.15716415386,37954.631065221656,9837.028718521067,2821.59507405,535.55
281,25471.284161175216,47449.66599938954,55324.1924151833,6035.53394159,5776.41
288,464.1374885856726,1728.677371168463,845.9582977722107,11996.4446256,5776.41
300,5627.889448565461,21841.318374416816,17939.29026190343,9739.3271372,7129.165
301,5312.812251423794,23798.21488286722,7945.091924237622,8027.37698567,7129.165
304,5627.889448565461,21841.318374416816,18688.331841950214,1027.39666596,519.4414999999999
319,389.01248799871587,1193.6817418058135,1778.1609445549554,1736.49869737,2800.945
324,2817.7057596509894,11846.718220595749,10066.03137794859,1995.76087578,6104.605
345,1798.7930076197574,6265.545450968356,1412.6873943532212,510.84383772,333.85200000000003
371,10593.883574223264,36678.575253438044,12388.177863871346,1742.1982404,11069.34
374,1057.2872522759005,3499.909678589379,1456.428737334103,1585.27422474,11069.34
377,871.4392520579394,3487.2525416502335,1634.1293174611062,2496.47586812,11069.34
385,691.1082705088897,3202.6600858101765,1716.31137484414,1946.54486052,14152.89
389,1217.0433209155142,3369.280020954446,7951.195534921232,1876.52957882,14152.89
401,17330.474789491265,69069.44621182633,25418.4383521882,1597.50395056,9920.3955
408,0.0,0.0,0.0,1638.30147167,899.7645
409,2348.2163032533094,6902.978138730962,5085.797535140832,1618.65990594,899.7645
545,4521.736739191268,18882.644548953205,5381.229517133246,2613.68743975,4000.1549999999997
547,1860.4906269691564,4428.154560351312,4623.704139572073,3556.59831937,4000.1549999999997
551,3865.2612041793614,22489.676869683342,8045.492370796828,7483.86099218,4000.1549999999997
555,17313.795051725356,59626.10636418888,15133.371180265018,2903.20082567,8711.17
562,379.7479304022715,1492.9508891787116,2396.771390870548,3369.465297,8711.17
563,6633.206409204474,24592.146608496365,6445.341215109112,3444.8560459,8711.17
575,8676.806036390888,38731.8753651885,11496.800073026485,3507.50814554,8711.17
761,2515.4544075325757,7198.386890861615,2569.3753194323385,9250.49983987,2047.3999999999999
768,1969.6067032301473,7580.354802066858,1108.948482993853,789.7714411,1139.7375000000002
817,10826.903410152605,43135.41794030886,33114.069346500626,1320.18565714,1828.4445
833,18335.927280474378,42438.488128063516,24789.93062941802,9626.56066868,547.2795000000001
836,1939.4078006005261,7337.66687360451,1728.5663346462252,4612.32619873,10841.605
849,12961.194571699576,39974.36022967896,8576.592192268405,6801.88402771,10841.605
851,434.65896747366713,3037.540222744715,3085.1954061092865,10034.67901017,3770.2
856,749.2600899637276,2074.650072169284,4553.240712816261,9190.24005286,10841.605
857,6987.350209227846,15920.706655787666,4127.849606488219,6498.94005074,10841.605
861,5639.149888163151,17198.781691191303,8256.612147694617,8488.08137971,3770.2
875,24481.12044058893,70357.84926700043,27373.22591968227,1832.29338437,924.1949999999999
887,502.7952121524254,2992.722143914557,3994.1520218751593,3483.51737157,843.2500000000001
937,3266.9707419163424,10251.21969047157,21880.205952149972,2839.78029093,1121.8
944,4253.852217089578,15489.849772593465,7612.843494050733,1702.85964734,477.635
970,20431.705256068803,67508.84108980517,27399.518970113622,3253.40587787,466.9245
999,1650.8230948235146,10251.199690471572,10307.331114155819,10000.35223282,1042.88
1011,0.0,0.0,0.0,3419.94743839,1677.715
1053,20170.73755600798,39638.42421733869,26147.112017541676,3192.23118755,2359.55
2,4236.476010575665,14499.175642739292,14864.584902796763,5846.41217204,3339.4749999999995
11,971.6014329426507,4499.035215937428,5561.876633021829,2169.90769392,321.6245
48,11208.739405925038,43206.874510874346,11473.01842147777,21657.1933722,6398.6
202,821.251368051925,2303.052679063459,5255.276173775188,975.03503851,397.21000000000004
312,691.1082705088897,3202.6600858101765,2158.1021293904423,1230.48899901,650.1995
506,38572.42132180021,70206.06369008317,50152.49133326808,1311.14691155,431.527
685,23750.68307272672,59627.33569958189,27151.461537010055,930.36684625,432.764
721,2532.4923328461923,13602.98765275503,10571.433924017814,8388.65993909,19005.46
772,0.0,0.0,0.0,3596.38710183,929.89
804,1238.9433513478175,4121.461411794069,4455.214432456894,4420.23474037,4168.295
812,397.14834286934456,1449.6773662471269,409.3301757966162,4798.87249064,4168.295
820,853.5648595509534,2317.384808583107,684.4441376953097,8237.03761385,4370.530000000001
827,32318.565819700707,71670.2731493987,71362.34192781714,10707.83633134,3886.75
829,32318.565819700707,71670.2731493987,71362.34192781714,10836.88683746,3886.75
870,25894.11821951136,70095.83019420221,71072.57356748119,3571.17128392,816.075
922,5197.171775357612,22908.427711520137,33114.069346500626,8415.12962417,1550.848
962,5197.1037440890395,23114.758317840646,6459.280080716825,5478.05491565,689.5995
980,0.0,0.0,0.0,3740.02211922,611.8050000000001
981,2298.7560782016253,11899.764772253879,7864.277617810986,3996.70001528,379.1685
31,3227.452625127106,14369.750811193253,11381.546754056266,7296.76984433,1000.86
38,5459.460918616806,16901.783935116484,6139.512712452224,1487.87416231,2617.84
49,5459.460918616806,16901.783935116484,6139.512712452224,2070.75260602,5118.110000000001
66,5446.152959302626,16592.591977613487,5564.124338511419,1396.87521998,12583.0365
78,4837.969305402567,16592.589575308895,5564.124338511419,1236.71240039,3990.641
276,3856.034743994144,15427.179996571364,20130.587880365605,4694.69028345,4772.6849999999995
292,19973.156427990423,46284.06932028159,16036.774833672458,3574.3392103,2156.545
310,284.54058001513533,1369.8980099901385,2006.700968209643,2123.20119632,4221.84
316,27839.570732171924,70357.8539471856,32205.00482520954,4710.48617611,4255.085
317,2682.733087176701,6921.841728060103,6820.5485606271695,3258.40798984,4255.085
322,43264.42053254233,71670.28519633907,34974.47926625469,1571.91700015,4481.965
328,27839.570732171924,70357.8539471856,32205.00482520954,1727.13520386,8980.56
329,7875.325241492446,27105.473847845053,9449.696943288844,1888.72342377,8980.56
332,0.0,0.0,0.0,2108.53578868,8980.56
340,9555.128650562936,43333.25947837816,31842.704246998695,3821.22286745,8980.56
342,641.1405895273484,1997.6947995715755,1811.763182089047,3682.46803168,8980.56
362,5634.445098050059,22653.946494775366,9407.890277958903,3077.53460111,939.48
366,6349.627587446628,38912.54757437973,21062.088219512163,2439.01309615,1876.9750000000001
368,35562.38797611189,70357.8539471856,50260.293057333416,5310.30250537,5437.91
372,4386.61196079516,16445.494317833207,6572.759927983182,1997.11410393,1876.9750000000001
379,1042.9424407541037,3029.8640772904037,5043.672189232522,8338.02908999,5437.91
381,18073.559336493166,70351.94143760082,52586.87004544517,8433.13209726,6191.115000000001
392,4624.342133186979,15796.855119065256,14192.265161774667,2631.60652066,6191.115000000001
394,0.0,0.0,0.0,1826.42317197,1733.9149999999997
477,61405.88078378136,71670.28519633907,33466.59368399531,1152.16323592,337.0965
673,440.15347636692337,1755.8564655837636,1252.9761194893526,1379.73819142,464.2005000000001
710,4590.693310373269,21922.67881391283,17994.603503472703,2032.38696858,613.7884999999999
711,3940.55412714633,11493.539332597133,8579.784119835515,2612.83121811,613.7884999999999
727,1468.7856117278773,7009.521188237237,2745.0422827855728,5520.06929086,2832.105
728,5227.468956969022,23233.50211184135,7982.34900523315,1799.83589217,3540.61
806,775.4070419802251,3768.0928091776923,470.53189356737005,7854.04250422,562.1385
809,3694.71517901714,8730.016726877759,3495.8360804543,10167.88330226,594.905
963,1557.7073250028245,4121.472901538718,8730.076795647296,4041.60282924,1183.37
998,0.0,0.0,0.0,2850.46464566,140.73899999999992
1068,0.0,0.0,0.0,4612.90886462,274.438
10,13920.052120505086,43227.87006500206,11479.660613959759,14403.48901793,15548.74
15,13920.052120505086,43227.87006500206,11479.660613959759,19216.6344801,15548.74
16,13920.052120505086,43227.87006500206,11479.660613959759,19881.42426162,15548.74
30,5459.460918616806,16901.783935116484,9052.70244240605,1794.13792468,644.803
35,5459.460918616806,16901.783935116484,9052.70244240605,2276.80427229,644.803
64,16680.78223837445,43228.67449342219,20950.279133447126,21372.05361481,8206.5
67,16680.78223837445,43228.67449342219,20950.279133447126,20803.83278754,8206.5
140,8585.953338850462,37426.32510624337,12670.891080010093,5008.34097644,2243.0950000000003
466,0.0,0.0,0.0,3628.88346298,1544.7350000000001
544,4067.6380592174028,9056.38614324954,4623.704139572073,2044.12835476,1713.36
550,1841.1566195309294,11964.02079627152,1711.870576108816,13574.65195371,1264.97
566,9913.094684730057,23471.30765853257,33443.31183324808,13608.98454687,1883.895
597,0.0,0.0,0.0,4827.58316352,909.0900000000001
720,27657.956170969017,71515.64335490193,70001.27387780334,4156.28716762,882.75
734,1003.8376828484306,5377.988236532893,2721.8176482942977,4879.26769194,1206.1550000000002
813,4226.323852331499,14338.850837295515,4862.2124540755,11938.04597815,4168.295
818,727.3007298018497,1943.6420949567575,883.2106228084775,13975.67168214,23131.19
822,0.0,0.0,0.0,12830.94856297,23131.19
830,6127.602647898778,16902.099147406487,11882.761905129988,10399.26293851,22668.85
831,18335.927280474378,42438.488128063516,24789.93062941802,10623.62994201,22668.85
832,18335.927280474378,42438.488128063516,24789.93062941802,11094.32058101,22668.85
837,6127.602647898778,16902.099147406487,11882.761905129988,13529.87049704,26717.455
838,18335.927280474378,42438.488128063516,24789.93062941802,10526.6166313,26717.455
844,0.0,0.0,0.0,6833.02331083,26717.455
892,8603.31623356267,32436.93471218159,11881.449616418842,6483.73388757,0.0
895,728.8861979908561,1865.7827252747,1605.1092992409187,5195.1365674,887.1
898,4504.477348153249,12148.91117563698,5656.913815979755,9869.8658828,2593.165
902,16524.770046009417,55243.872734009994,32676.042549073576,11293.99867325,2130.38
903,4126.813333572659,19481.06027021456,14899.655938555163,4972.34879447,8248.914999999999
906,0.0,0.0,0.0,5446.851395,8248.914999999999
910,8322.955929300531,40718.66206213603,38593.87273723961,5395.45196836,8248.914999999999
915,604.2403059230501,2369.680156431498,2176.7464036300576,11674.20001719,6825.705
924,0.0,0.0,0.0,8494.7713534,6825.705
934,349.3231117457357,1096.2120426334907,2397.3900983601916,6940.93355491,6825.705
1020,20387.550557966908,50732.13606248469,38593.87273723961,1824.73060789,865.605
1026,719.702504841553,4805.033950118116,4097.418817246223,5710.74241825,5115.015
24,12774.606730480578,42952.39773519696,11479.660613959759,15870.03360341,7142.2699999999995
28,11208.739405925038,43206.874510874346,13377.83020209756,15060.18041893,7142.2699999999995
112,1678.6752168236544,5538.682374720153,5158.525813309595,6365.67805438,781.54
283,13808.71938028816,28877.532463607335,42716.336556238224,5737.84917908,4290.64
323,7875.325241492446,27105.473847845053,9449.696943288844,2150.05125982,0.0
388,0.0,0.0,0.0,943.18453985,171.36849999999998
568,1860.4906269691564,4428.154560351312,10060.980894328035,2854.97818496,425.0799999999999
609,1251.9536637588296,6026.016621076722,2710.0968500743406,5204.30415986,1841.295
630,5469.14775952493,25903.80320231363,16314.514474098354,4720.75680777,548.635
634,5459.244856799512,31598.662759389535,13767.904679456413,1976.02215776,3889.955
639,464.1374885856726,1728.677371168463,845.9582977722107,2802.05160581,3889.955
648,440.15347636692337,1755.8564655837636,1969.0369029134754,2982.54805615,4220.69
649,4671.81770622441,17169.679739363866,8082.121031910791,3079.41639287,4220.69
651,20748.422728011,59548.56651909508,13697.927825998222,3413.31388483,4220.69
652,4671.81770622441,17169.679739363866,8082.121031910791,3223.23439251,4220.69
654,993.4418891268497,3587.6425255607483,2247.264587752498,3246.51504826,4220.69
674,1371.8094003168003,3986.0406992719654,4897.1824166895285,5122.82164271,4220.69
679,266.2635789641866,747.0246310059836,1252.9761194893526,4183.69694589,369.832
687,23695.68365015395,59627.335699224095,27151.461537010055,9955.45463977,1157.835
753,697.9056552645096,4012.98130261686,1533.560143674194,4625.86292931,2463.665
754,2890.7465070962244,9847.507103064465,8917.936631812136,4437.24664832,2463.665
783,7823.83250402788,27519.32694029953,13111.931537038457,9909.31538799,375.96500000000003
949,0.0,0.0,0.0,10242.7105725,10207.7
951,15596.478154022265,67508.8406527963,21801.56011485535,15503.70184521,10207.7
1046,4128.073960373659,13398.861150730503,10243.795939856122,4374.78545629,573.1600000000001
87,24781.29129804387,60765.998010682364,11490.353138336071,23721.6291573,36107.67
617,194.69030497159048,790.4761939661272,6.889792582348699,7168.14518259,1723.9550000000002
848,89.51574215056947,202.32908186173267,735.9370174129027,12045.62954026,26717.455
864,25894.11821951136,70095.83019420221,52373.333116816015,8032.83801318,4252.17
882,8603.31623356267,32436.93471218159,26502.6002537986,9311.94363825,1795.255
34,11208.739405925038,43206.874510874346,15077.986898268318,24827.68789133,7142.2699999999995
227,2516.030704126159,6902.983946825773,11023.79090031456,2612.0603416,568.6049999999999
395,1884.1648452043871,7840.912447679348,10066.03137794859,4160.33272494,8601.215
671,685.080578256154,3540.731489946089,2721.824574519938,9193.79468016,1199.23
693,0.0,0.0,0.0,6478.40407699,4073.8999999999996
712,3940.55412714633,11493.539332597133,8579.784119835515,6751.27707471,14438.035
714,0.0,0.0,0.0,11552.98102236,14438.035
716,27657.956170969017,71515.64335490193,59816.61048308779,21133.23074556,24016.485
723,3803.086171220039,12220.153565454446,3414.5863824335906,6191.36408649,3471.645
796,23826.34121402614,71515.64335490191,55901.50280560134,14715.17942394,7532.549999999999
797,16655.72934510603,42438.485167387946,24789.94508150884,14857.70198066,7532.549999999999
932,0.0,0.0,0.0,11903.50685393,955.625
953,34411.583524480775,71670.27307084136,71524.35674605782,12029.98286603,3746.3699999999994
270,6506.736429825663,38912.55039129412,7206.327352792879,9470.16011881,2944.3950000000004
361,691.1082705088897,3202.6600858101765,1716.31137484414,3723.15534531,683.7950000000001
473,0.0,0.0,0.0,3786.35907031,5086.6849999999995
486,34780.01366911189,70357.85904045406,32740.28034031916,4620.74596387,1434.5349999999999
557,685.080578256154,3540.731489946089,3021.809140451741,8996.39026639,2022.5300000000002
613,464.1374885856726,1728.677371168463,845.9582977722107,3599.0613686,6099.41
615,0.0,0.0,0.0,3822.31225311,6099.41
769,1028.2520979774476,3232.496195764161,6026.424364285513,7886.34703161,1442.815
854,333.80720031133876,2153.1929965578634,502.28687484119587,6247.32760266,652.0055
865,9809.110962369521,39974.357086499316,8576.592192268405,4669.36769831,1633.0700000000002
1,5603.763640836448,25129.313139941856,5255.286173775188,11309.46911228,1722.065
3,5603.763640836448,25129.313139941856,5255.286173775188,16963.00975716,1722.065
61,3034.5470767024035,15427.173857456548,5255.286173775188,3917.45519612,1822.3600000000001
574,2836.5779946233297,8071.405206565785,2877.0982329739695,8085.69570408,289.05500000000006
633,17931.19594049248,58641.07029317581,50842.42318390737,8910.87157412,3707.9349999999995
636,194.69030497159048,790.4761939661272,6.889792582348699,8485.02252455,3707.9349999999995
684,0.0,0.0,0.0,19172.57759898,15090.699999999999
686,1629.2709081651515,5090.080409178822,4455.219432465311,20871.64435728,15090.699999999999
689,852.0562015178105,2317.3753801512376,1451.0589010337123,12902.44903242,15090.699999999999
696,872.9498457486729,3562.7274697209045,1876.5379810426764,16377.31809213,15090.699999999999
698,24667.58284191124,58649.256783278026,50842.42318390737,20637.90061652,15090.699999999999
729,3560.9095236644744,10286.486587706277,8877.64971043535,7806.17945353,1346.2200000000003
777,2732.7702929314096,12426.9450829543,2171.273519969822,14244.83174955,1442.815
786,739.4965708954522,3768.0904301548967,470.53189356737005,18490.39496391,2890.7300000000005
787,3879.0109520206697,15343.39928149582,9439.553892662629,21107.22684119,2890.7300000000005
791,502.7952121524254,2992.722143914557,3994.1520218751593,11251.73494732,2890.7300000000005
961,0.0,0.0,0.0,5689.76420293,1434.935
261,26898.630099166636,70357.85904045406,9600.827980449156,36761.37037431,36922.42
262,26898.630099166636,70357.85904045406,9600.827980449156,35718.89670533,36922.42
264,26898.630099166636,70357.85904045406,9600.827980449156,24040.22675263,44121.67
441,2184.780664172393,5674.77166658693,3590.8405868087243,6175.68536387,7043.445
498,38572.42132180021,70206.06369008317,62945.941599426034,21574.90420742,8365.32
501,17231.313943642243,60039.10339861364,23788.74720488725,28113.64829938,8365.32
593,4323.407547005604,15940.506507581302,2745.0912837393325,7000.60059759,2034.0399999999997
744,389.01248799871587,1193.6817418058135,1778.1609445549554,8710.61102338,445.6299999999999
930,1127.6444172768356,6480.707607361659,998.8211918223767,10821.46187283,1023.77
950,19040.503335267156,39236.833199210465,26072.02869835213,26967.41081337,2464.0250000000005
41,2073.197672707384,13907.886257225378,10709.915601034041,2322.28046656,864.3449999999999
335,43264.42053254233,71670.28519633907,47655.17297981297,9701.67747972,306.07000000000005
370,0.0,0.0,0.0,13206.50703447,1415.2350000000001
993,20493.132571668004,67508.84168833714,27762.057475392383,6522.73995493,3025.0800000000004
995,20493.132571668004,67508.84168833714,27762.057475392383,10938.79615234,1529.195
1016,0.0,0.0,0.0,7868.96365976,1357.8999999999999
1033,8791.357559341659,26545.619350103574,18196.72529479263,19200.92650595,3339.6600000000003
1036,0.0,0.0,0.0,22302.01771939,3339.6600000000003
12,3348.5122913976393,24275.113138100245,18907.35424254981,5495.1623235,259.148
273,0.0,0.0,0.0,19327.06413387,2096.3349999999996
588,604.2403059230501,2369.680156431498,2010.3182128351289,12028.73841196,3561.0049999999997
877,1376.6961878230088,3531.260896918908,2772.956868456518,23834.1197506,1592.095
8,8393.651153021794,26313.995987503506,16101.598234224728,21113.84355905,3038.9100000000003
29,11744.939641778388,38007.0903902529,9366.820422649773,15578.97416803,4201.14
147,2073.197672707384,13907.886257225378,14619.114600190715,1787.95382291,1159.04
418,469.10709376040325,1097.1680975580596,471.19970430989434,12700.1460599,5141.675
421,7619.50922268681,26053.473282333085,21548.715180746734,19340.96287525,5141.675
426,2029.263316300383,13357.736688228362,7054.289114508461,15921.42982936,4909.79
451,464.1374885856726,1728.677371168463,845.9582977722107,8408.25460608,5436.185
453,3266.234505109968,13407.51240882909,7286.530574060306,7831.4512827,5436.185
871,3222.7388374523234,11013.210887556275,6433.237245784217,28932.41850278,11994.95
1032,0.0,0.0,0.0,19136.56535065,1226.445
86,12602.453202796853,41661.3771798579,9520.92115243602,13071.76036386,2482.87
162,3148.028380977688,12497.392757161582,16686.073781135594,4039.5649024,813.3699999999999
349,28528.405261413922,70357.85904045406,38159.720462031495,18622.39788853,16081.07
354,14949.309459158761,36458.64560767128,15485.016866024358,19666.17788342,16081.07
358,563.8181169547189,2980.07500293967,1488.1457412019463,22867.05899755,3945.7999999999997
436,2029.263316300383,13357.736688228362,3123.5880369453835,16586.84222288,4909.79
773,1629.2709081651515,5090.080409178822,4455.219432465311,22216.82002877,6331.465
824,0.0,0.0,0.0,48632.2156723,2321.1499999999996
1050,31586.245649270906,67508.84700634162,70760.56357822163,18508.07252344,14555.165
1051,20170.73755600798,39638.42421733869,26147.112017541676,19292.32821818,14555.165
1052,20170.73755600798,39638.42421733869,26147.112017541676,16949.3827586,14555.165
1054,2810.4132782182064,6392.327439185338,10198.565785248742,14820.93748258,14555.165
1056,31586.245649270906,67508.84700634162,70760.56357822163,12412.15593016,14555.165
1061,2086.4899962671752,10638.152783126887,2549.570781758927,11419.91064408,14555.165
1074,0.0,0.0,0.0,7692.41654728,14555.165
21,19177.177018371065,66921.14677898234,18383.318395604787,32953.56485528,3600.85
251,4143.301524009615,20454.72565539402,11889.144475560184,6955.51377338,912.9200000000003
308,48142.6583992885,71670.28519633907,25860.94888951427,2990.85466053,4751.46
69,4529.8084322726245,32934.29224036393,25214.006099715618,10371.52289624,3226.4799999999996
96,12602.453202796853,41661.3771798579,10022.805189051569,14704.14931061,1847.8600000000001
100,7668.189856887832,36755.68784184927,25214.006099715618,14447.6686435,14346.985
117,12285.493641097019,36774.23291182725,19955.1860471535,10870.7626111,14346.985
178,3363.96888219003,19477.740491297718,16686.073781135594,4931.20708885,982.96
521,34449.201492593136,60039.10760530906,38660.605553308866,5925.80566106,1565.6000000000001
642,993.4418891268497,3587.6425255607483,2247.264587752498,45756.73615718,17646.1
644,12076.923764954776,46783.679333616325,42559.41122264633,39953.59687199,17646.1
650,4671.81770622441,17169.679739363866,8082.121031910791,48026.86089085,17646.1
872,20993.359584997306,67508.8098248527,12903.997796013235,22293.47781703,205.46500000000003
891,2052.117754407969,7763.1199203270335,4278.016563651619,29246.45795131,1148.3299999999997
268,6195.2412676083295,26802.057953418444,17280.647390434155,3093.71450152,9180.34
285,1977.8922107046642,10468.896861068812,1888.39275989288,4027.31019424,3302.985
296,1977.8922107046642,10468.896861068812,1888.39275989288,3539.51637135,27027.64
297,7875.325241492446,27105.473847845053,15033.004653301092,3560.4539505,27027.64
298,7875.325241492446,27105.473847845053,15033.004653301092,3401.79837318,27027.64
347,12307.337296196945,47729.68709031875,21246.216030379725,18781.33908289,1266.7099999999998
351,1049.7393333087757,4214.76720131782,2194.912250694904,4424.5237171,2325.215
359,12444.984487272579,50043.99554347252,14178.156573361923,7444.55956859,5207.59
363,4726.480048244709,26609.11459855458,4617.274015384519,6016.13111556,5207.59
480,14241.331768010808,39638.42695666573,25864.37402997946,8950.56850557,3839.18
484,3266.234505109968,13407.51240882909,6403.932594375292,16449.96064084,20379.905000000002
485,34780.01366911189,70357.85904045406,32740.28034031916,17518.93069006,20379.905000000002
488,0.0,0.0,0.0,10333.50781488,20379.905000000002
532,24223.8943496817,70353.14913579529,50152.49133326808,6310.73811495,1339.23
554,133.4625677860038,630.2833334170498,1159.5127781414403,22503.59355777,2929.55
1041,389.01248799871587,1193.6817418058135,1501.668049263643,41011.33687103,10615.800000000001
1044,8791.357559341659,26545.619350103574,51931.68733561875,47148.74397866,9198.36
208,4229.178154938651,20454.730906189994,23565.602520826607,7438.70732525,2101.0299999999997
422,9429.978338487776,31730.571735322937,12388.177863871346,71485.43327909,14553.8
661,1120.7198397793911,5430.906882356352,2846.599312002453,31780.55780884,17646.1
759,359.5239591649155,1086.5922964776441,923.321010252519,9413.18951678,1972.3050000000003
1004,1284.0934878135838,3139.1710090742786,724.8378948471856,16577.00576064,1713.6400000000003
184,5634.445098050059,22653.946494775366,26251.692396759936,11105.95148405,2101.0299999999997
191,7945.284328161879,26137.79053744802,11405.553546147616,4027.93839268,376.8549999999999
201,7945.284328161879,26137.79053744802,11405.553546147616,12947.3004805,376.8549999999999
233,3856.034743994144,15427.179996571364,16203.60089007346,4771.30543219,671.225
241,6939.780295024901,23790.24716802416,26251.697966678035,22449.55165522,1418.52
275,0.0,0.0,0.0,7547.83334799,2585.44
299,7875.325241492446,27105.473847845053,15033.004653301092,8892.88621314,6130.7
303,31745.09798747115,70357.85904045406,38066.48692832892,10470.36311264,2087.5550000000003
325,5184.531385647168,23798.213160093124,8309.565214532588,3211.09353347,3912.2200000000003
346,727.3007298018497,1943.6420949567575,3303.1969833236117,23123.90258585,4313.6050000000005
364,6595.31569436383,22126.083682280194,12602.278819705647,45208.13748402,1008.145
433,230.72055196918754,1015.573852894429,454.5601456364485,40231.09293,14553.8
460,16534.974108620605,39638.41164098227,39981.50435923901,11747.28618869,4003.445
463,58866.47282057856,71670.28519633907,33466.59368399531,16621.29498734,4003.445
474,8209.18099377991,39236.09115485011,10934.210070826151,9009.32819781,9774.29
590,3037.592373426471,6020.407781269863,5360.868349586667,10408.75936771,1778.235
736,29173.842935041706,71514.33063445984,51374.43915491863,28147.31791533,18534.765
739,12460.020991145731,38499.141124798625,32549.89234085348,20922.50911021,18534.765
740,20393.883707022585,42437.70617884228,33175.15581270088,23520.88846217,1676.87
747,0.0,0.0,0.0,20209.82359673,18534.765
748,20393.883707022585,42437.70617884228,33175.15581270088,17617.43529733,18534.765
305,1629.2709081651515,5090.080409178822,4838.739973597651,21232.86523876,3483.285
367,5636.61917907672,18882.64318202165,11554.122226353158,30157.90740751,3296.9449999999997
479,186.794726346269,747.0168139646912,1969.0369029134754,5859.21675196,9774.29
529,31017.04414750812,71655.47913720578,38660.59631966439,7164.53901626,4298.535
599,0.0,0.0,0.0,7700.73824539,797.06
603,0.0,0.0,0.0,36175.30257381,3270.6399999999994
669,29409.3468854031,58649.256783278026,53462.093276544525,34163.1897414,17646.1
757,872.9498457486729,3562.7274697209045,1876.5379810426764,9071.41624576,5144.639999999999
128,9639.602007288677,36773.54856522538,19955.1960471535,12692.41820941,1248.2849999999999
158,23939.321197969446,43455.43268239012,41092.01805007309,16736.97794169,13388.4
159,23939.321197969446,43455.43268239012,41092.01805007309,19656.52569627,13388.4
165,23939.321197969446,43455.43268239012,41092.01805007309,26048.00187561,13388.4
168,25613.983073159547,43141.85990664025,41092.01805007309,31032.80451493,13388.4
172,25613.983073159547,43141.85990664025,41092.01805007309,21826.14387395,13388.4
214,9015.694570152866,36362.59362208353,37745.39343821165,4116.59921259,23653.975
216,9015.694570152866,36362.59362208353,37745.39343821165,3842.77612133,23653.975
246,16303.297750571934,42969.000063305204,31727.532273781395,26109.11153425,3331.1199999999994
265,26632.094864662427,70357.84921846268,30097.73678129819,29379.6810386,13022.73
266,26898.630099166636,70357.85904045406,30097.73678129819,31009.10290748,13022.73
365,35562.38797611189,70357.8539471856,34042.483969083616,7281.03795188,2065.69
383,1057.2872522759005,3499.909678589379,1456.428737334103,31940.10912058,3484.1000000000004
391,9909.427937557628,41661.36285866089,12687.1972155218,3897.23993842,3484.1000000000004
404,1444.8528115889796,4985.870349449652,756.9695171323702,3297.10833558,1280.745
420,0.0,0.0,0.0,16987.89923164,1280.745
429,11352.249354132127,46720.05082837556,33634.62646305703,19995.97936977,6381.175
901,0.0,0.0,0.0,34874.80085364,2431.1099999999997
1078,19027.79584522731,67508.84700629511,70760.56357822163,22855.72600734,12293.555
224,16303.297750571934,42969.000063305204,35343.94747698422,37579.00389212,4643.994999999999
226,16303.297750571934,42969.000063305204,35343.94747698422,31289.77755672,3331.1199999999994
353,1309.5793745959506,6921.8283309625485,3936.2802747253136,36995.05368342,5180.640000000001
443,10968.575777405495,39638.41164098227,31944.839202271294,24129.19071641,4474.85
447,0.0,0.0,0.0,20712.76759996,4474.85
528,389.01248799871587,1193.6817418058135,1778.1609445549554,16148.1846971,3905.500000000001
591,5059.129477474296,25129.318139940366,13727.157834352107,32165.22190506,1861.4049999999997
629,16923.71942991669,39632.88505924923,16921.52146429666,16095.91080992,1148.6350000000002
663,0.0,0.0,0.0,8584.3200651,1568.065
220,9015.694570152866,36362.59362208353,37745.39343821165,6480.01525978,23653.975
781,3694.71517901714,8730.016726877759,3944.0882187655307,37358.24037363,1799.7549999999999
969,548.5065889496163,2433.0467968181024,1517.4719109977889,23241.18444635,13029.384999999998
973,0.0,0.0,0.0,41110.59003454,13029.384999999998
976,749.2600899637276,2074.650072169284,4633.254469059988,27431.84968488,13029.384999999998
986,21023.731345837303,58649.25677477188,52492.24064349769,32332.53545938,13029.384999999998
1069,3487.3655741185903,20793.00757775616,4397.980386548039,38244.27709059,1200.135
129,16838.51915184233,42437.09349113896,26144.578344291975,15187.82277201,4118.405
179,18310.510670537486,69069.46621182634,45775.82824022557,51972.11444327,13388.4
192,28062.53655448067,56831.7803890796,45775.82824022557,27417.43578069,13388.4
193,28062.53655448067,56831.7803890796,45775.82824022557,27657.96637992,13388.4
196,28062.53655448067,56831.7803890796,45775.82824022557,30640.26685466,13388.4
211,11329.706746388041,35496.85861076798,35343.94747698422,22471.34521766,4643.994999999999
606,0.0,0.0,0.0,16810.98303109,17841.985
607,12100.02169380062,39632.87952781357,33626.294303567614,24163.03667644,5579.959999999999
610,4323.407547005604,15940.506507581302,9694.618710461322,19590.82297433,5579.959999999999
621,34026.42980204531,71650.26865971928,54881.2106411606,30054.69440978,17841.985
709,171.67970352364003,912.5355225208255,1522.3714397442122,45328.02003771,757.645
745,2519.009842393675,13176.303805320604,11454.290884838238,33996.97623854,2786.2599999999998
131,13184.865716117303,36774.235477342314,26606.89568561787,30531.32694282,18484.26
132,13184.865716117303,36774.235477342314,26606.89568561787,30002.77183758,18484.26
225,9015.694570152866,36362.59362208353,37745.39343821165,10777.10202447,25769.300000000003
229,11525.96592111894,36774.23801873101,37745.39343821165,16110.59980017,25769.300000000003
232,11525.96592111894,36774.23801873101,37745.39343821165,13006.69467455,25769.300000000003
235,11525.96592111894,36774.23801873101,37745.39343821165,11997.40051498,25769.300000000003
238,11525.96592111894,36774.23801873101,37745.39343821165,12894.59610453,25769.300000000003
244,11525.96592111894,36774.23801873101,37745.39343821165,8093.14435456,25769.300000000003
245,11525.96592111894,36774.23801873101,37745.39343821165,12539.12629657,25769.300000000003
249,11525.96592111894,36774.23801873101,37813.43333915403,11091.1424279,25769.300000000003
250,11525.96592111894,36774.23801873101,27702.029599770314,13443.44370141,25769.300000000003
522,7036.562104776987,26609.13142959981,10701.088638614732,12434.58576086,27605.614999999998
622,16923.71942991669,39632.88505924923,16851.251214667456,36790.75586574,17841.985
628,1022.8439361966548,3037.5551764072015,1543.3064002924457,19396.26601102,17841.985
655,4671.81770622441,17169.679739363866,8082.121031910791,27757.65126458,2535.98
775,2732.7702929314096,12426.9450829543,11865.443584253633,26988.13379221,1101.51
500,0.0,0.0,0.0,16702.63175262,20798.120000000003
625,0.0,0.0,0.0,16777.86136589,5579.959999999999
724,5257.745810969867,15727.733824171746,12237.10814676631,37316.9935937,1296.9050000000002
936,1083.670868676191,2726.205478801167,7054.259017818042,22234.94290345,406.5000000000001
959,0.0,0.0,0.0,28151.31332636,13029.384999999998
65,4910.398913113043,33461.3505346984,27400.18087439657,35716.03664508,3575.995
90,31813.65993179071,70356.60924873782,16631.883584106185,33375.24575076,19122.85
106,5520.033469017567,22653.940679433592,25490.24015921598,14924.53980797,1218.275
291,0.0,0.0,0.0,40864.87791367,4260.49
313,821.251368051925,2303.052679063459,5255.276173775188,34025.65504141,4054.2
507,1629.2709081651515,5090.080409178822,6501.203933028536,20136.48208057,27605.614999999998
509,38572.42132180021,70206.06369008317,50152.49133326808,26543.80616406,27605.614999999998
510,34449.201492593136,60039.10760530906,38660.605553308866,26915.18989394,27605.614999999998
511,34449.201492593136,60039.10760530906,38660.605553308866,25838.44064723,27605.614999999998
515,38572.42132180021,70206.06369008317,50152.49133326808,26752.64472597,27605.614999999998
516,34449.201492593136,60039.10760530906,38660.605553308866,24987.69141722,27605.614999999998
518,4153.347488805078,10724.835440280225,4710.542219780352,25377.35627969,27605.614999999998
520,38572.42132180021,70206.06369008317,50152.49133326808,16022.29885822,27605.614999999998
552,6633.206409204474,24592.146608496365,6445.341215109112,31343.83364649,2820.6949999999997
565,379.7479304022715,1492.9508891787116,2396.771390870548,29858.6593609,2820.6949999999997
134,13184.865716117303,36774.235477342314,26606.902352273915,30637.85317758,18484.26
135,13184.865716117303,36774.235477342314,26606.902352273915,37635.50004543,18484.26
144,13184.865716117303,36774.235477342314,26606.902352273915,28124.48160016,18484.26
145,13184.865716117303,36774.235477342314,26606.902352273915,30648.19697307,18484.26
146,13184.865716117303,36774.235477342314,26606.902352273915,32067.01529979,18484.26
42,30053.287219527196,71668.93149695848,28698.843544614847,34309.07058803,19801.8
46,30053.287219527196,71668.93149695848,28698.843544614847,40912.31294159,19801.8
50,30053.287219527196,71668.93149695848,28698.843544614847,36173.9390557,19801.8
53,4910.398913113043,33461.3505346984,27400.18087439657,17614.4229242,2926.405
54,30053.287219527196,71668.93149695848,28698.843544614847,36544.85304353,19801.8
92,31813.65993179071,70356.60924873782,31345.476884017986,35031.2931012,19775.0
98,49726.26000841698,70322.38323477782,31345.476884017986,28797.85772505,22356.45
99,34987.529408179245,70357.85945626757,31345.476884017986,26054.59729656,22356.45
108,32275.439810724136,70357.85945626756,31345.476884017986,42652.62366687,22356.45
109,32275.439810724136,70357.85945626756,31345.476884017986,50771.19580376,22356.45
166,7845.98774022467,36100.828321680114,26606.902352273915,8644.65502676,4236.675
167,6427.526443102631,31587.208377280967,26606.902352273915,18843.67738223,4236.675
442,23164.754941908654,70357.85413201422,16951.04371237031,18042.60959839,7674.759999999999
455,69.79709851374731,563.1878889252812,368.2099507654168,21963.9109501,6098.514999999999
456,26140.528455494714,71668.9365020715,20437.438767709828,22415.68663643,6098.514999999999
737,20393.883707022585,42437.70617884228,33175.15581270088,49739.47236164,3696.4000000000005
738,12460.020991145731,38499.141124798625,32549.89234085348,43371.50213501,3696.4000000000005
881,0.0,0.0,0.0,37588.68663669,2925.93
992,21023.731345837303,58649.25677477188,52492.24064349769,36690.11846083,9803.85
994,3487.3655741185903,20793.00757775616,7541.60981193536,42476.9673364,9803.85
139,20145.90892582884,60765.06089421991,31275.23681493044,18712.82748459,4438.9
205,10765.23010552834,36774.02153435109,39592.073549626395,18341.50637056,4236.675
209,10933.81602490021,36774.235477342314,39592.073549626395,21813.9947918,4236.675
580,0.0,0.0,0.0,25985.07769284,5298.415000000001
846,791.0730851522054,3822.2440474161203,927.1562941331995,26807.96649514,1645.915
858,6987.350209227846,15920.706655787666,4127.849606488219,41264.92749173,5399.289999999999
862,6249.572540023089,19439.15939012392,24329.28935252513,35403.68495988,5399.289999999999
1024,0.0,0.0,0.0,44583.24050338,1730.2899999999997
104,10420.645640711788,36844.55860978372,24644.053787126864,19933.80591743,2498.105
154,26981.467497946174,60767.08203641056,44448.03569426838,31609.35756871,0.0
175,12027.006984067968,37915.394475827045,24282.74268491493,16699.15228833,4257.385
177,12027.006984067968,37915.394475827045,24282.74268491493,17390.11493017,4257.385
339,19973.156427990423,46284.06932028159,27629.411229206296,16632.01209898,5005.1
343,7875.325241492446,27105.473847845053,6999.2055304555815,31076.6608137,6455.245000000001
458,48773.549830546544,71670.28519633907,33466.59368399531,28441.57369416,19724.055
459,13699.978017906282,39638.41164098227,39981.50435923901,26894.60296723,19724.055
470,26140.528455494714,71668.9365020715,20437.438767709828,13123.82889018,22228.16
471,14466.578928249708,39638.41164098227,39981.50435923901,12602.05865566,22228.16
559,0.0,0.0,0.0,29980.49035899,1902.6050000000005
631,4849.376204647533,17169.68146989896,8082.121031910791,46740.56206433,7073.650000000001
237,12247.1538564747,43333.27058487736,27676.055096139735,19715.87195044,2038.8100000000002
256,12724.688785609982,57284.63773544771,27676.055096139735,14619.06658073,2038.8100000000002
400,375.4667035075775,1492.948160459473,2396.771390870548,30702.84326027,2068.3950000000004
469,58866.47282057856,71670.28519633907,33466.59368399531,18137.17674648,5195.85
475,14241.331768010808,39638.42695666573,17891.68001349833,30670.54040541,5195.85
884,1376.6961878230088,3531.260896918908,2772.956868456518,27725.33589975,1840.56
1005,7530.839849494871,36958.604320164246,13764.158531408788,27294.21998321,905.6000000000004
130,20145.90892582884,60765.06089421991,31275.23681493044,37293.34468507,4438.9
1028,0.0,0.0,0.0,43628.28542707,1760.625
320,2817.7057596509894,11846.718220595749,6520.648085672322,36741.92419189,16485.149999999998
234,20955.217409434146,69570.28049247967,34383.42273883022,25752.82122115,3155.1649999999995
971,2591.8703960562116,6728.832461409397,4910.329971226208,31456.57878063,1230.04
236,20955.217409434146,69570.28049247967,34383.42273883022,34733.53848577,3155.1649999999995
240,20955.217409434146,69570.28049247967,34383.42273883022,27883.30945074,3155.1649999999995
315,43264.42053254233,71670.28519633907,31063.92504161167,40931.14919684,16485.149999999998
1000,2218.247542015537,6685.889913402125,3967.8407701999176,39272.47725712,3353.4249999999997
93,15692.159468775193,60736.43325002637,28654.092657593334,21758.98480737,10708.3
107,24016.483071437495,60051.02670504414,31275.246894445954,53517.18283975,10708.3
114,26981.467497946174,60767.08203641056,31275.246894445954,42221.38807362,10708.3
119,26981.467497946174,60767.08203641056,31275.246894445954,42922.08960601,10708.3
121,26981.467497946174,60767.08203641056,31275.246894445954,36711.99859217,10708.3
123,26981.467497946174,60767.08203641056,31275.246894445954,40052.93740948,10708.3
125,26981.467497946174,60767.08203641056,31275.242486477524,38699.96099735,10708.3
126,26981.467497946174,60767.08203641056,31275.242486477524,31445.38508226,10708.3
355,15140.29493013798,50977.49905301749,15714.497614377293,45189.44926306,5392.1
730,2527.414698797283,9853.346889047385,7792.168030614904,27612.44183542,4987.5
816,1468.7856117278773,7009.521188237237,949.7039276438944,40058.95250199,1236.965
302,5312.812251423794,23798.21488286722,7945.091924237622,62261.39922807,14202.349999999999
327,0.0,0.0,0.0,23975.3040392,22844.550000000003
428,31719.42451514152,71670.27519633906,52586.87004544517,34048.61797805,6294.9400000000005
430,7619.50922268681,26053.473282333085,17891.68001349833,23665.45503767,6294.9400000000005
490,44533.43479183208,71660.27622843994,54921.26892821736,33433.14177775,9161.470000000001
491,31062.185306091138,60168.920571538496,52068.19895299271,34718.37461363,9161.470000000001
492,31062.185306091138,60168.920571538496,52068.19895299271,32171.80154285,9161.470000000001
957,0.0,0.0,0.0,33361.86656936,2020.8050000000003
917,502.7952121524254,2992.722143914557,3994.1520218751593,45448.04068457,1459.0899999999997
921,0.0,0.0,0.0,52546.07051157,1459.0899999999997
493,31062.185306091138,60168.920571538496,52068.19895299271,36109.17900058,14229.499999999998
494,34449.201492593136,60039.10760530906,52068.19895299271,43435.35093316,14229.499999999998
307,31745.09798747115,70357.85904045406,39655.92447570937,81286.07361176,10014.05
338,43264.42053254233,71670.28519633907,47655.17297981297,31547.04298184,8055.6900000000005
282,5312.812251423794,23798.21488286722,4638.463516574413,23533.5426194,2483.8500000000004
445,47.517928629318305,173.1352891465012,929.4995860583617,56056.36788941,17685.15
263,14982.124264584168,43129.77191137278,42716.336556238224,45588.36044709,3189.7000000000007
677,232.70075124862646,1315.6405347997743,1289.3959344044708,29341.60860289,2603.6800000000003
438,0.0,0.0,0.0,35235.14505629,18286.45
348,12307.337296196945,47729.68709031875,21246.216030379725,42563.12744391,5338.6900000000005
502,10644.08137556953,39152.183390544706,15133.361180265018,57722.3403472,25166.025
874,23491.183412151244,70357.81605134194,27373.22591968227,42275.32479284,6029.6
306,19973.156427990423,46284.06932028159,16036.774833672458,51812.17729207,10487.7
873,2208.1315386066217,10251.20969047157,13523.561174726094,39511.18274307,6029.6
1019,117.71790548830293,672.5831721780643,735.9370174129027,51980.27803289,3015.07
496,0.0,0.0,0.0,29614.16564413,23901.35
1006,20493.132571668004,67508.84168833714,27762.06442622319,36984.86566917,3015.07
85,11001.368658280977,63011.134523237786,47778.445395508985,20718.08122437,8146.1
909,345.3527347627844,1286.7171433648386,482.55424383227376,47547.48955053,1891.96
912,1126.894650179295,4114.277178452155,376.1030000966433,55311.30959898,1891.96
333,7875.325241492446,27105.473847845053,9449.696943288844,64760.78650395,20971.9
334,43264.42053254233,71670.28519633907,47655.17297981297,56193.93771631,20971.9
337,863.2476210598252,2379.892601949117,2821.603927348535,41370.35381687,20971.9
941,0.0,0.0,0.0,34972.80786765,2543.5099999999998
314,9791.551209271827,43333.26261531187,21721.040225953995,51226.41503843,15912.3
330,7875.325241492446,27105.473847845053,9449.696943288844,56596.38649055,20971.9
72,11001.368658280977,63011.134523237786,48693.11698462223,35398.73895516,3588.0
576,6633.206409204474,24592.146608496365,6445.341215109112,16716.56630815,4604.385
1043,31586.245649270906,67508.84700634162,70760.56357822163,24064.80904415,2857.4399999999996
321,27839.570732171924,70357.8539471856,32205.00482520954,38301.27519787,15912.3
541,1833.542548027664,10175.030306185803,8174.456560071637,34927.25795321,2415.53
586,0.0,0.0,0.0,27939.81640287,4604.385
706,993.4418891268497,3587.6425255607483,3319.2132718109883,41629.63044421,832.8400000000001
37,39477.465228625675,71632.79424695573,42735.35183610579,36997.90469406,0.0
448,10419.96182017511,33663.19266482936,20087.80106669293,47168.2160503,13368.150000000001
457,26140.528455494714,71668.9365020715,20437.438767709828,45415.75609257,13638.55
461,14241.331768010808,39638.42695666573,17891.68001349833,43036.23034942,13638.55
462,58866.47282057856,71670.28519633907,33466.59368399531,50189.47183328,13638.55
468,0.0,0.0,0.0,36115.34126267,13816.499999999998
476,26140.528455494714,71668.9365020715,20437.438767709828,51776.48556771,13816.499999999998
632,17920.856166141217,59619.018694452534,38179.570661935024,46191.65838097,7770.845000000001
43,31201.588404068054,71634.12726325792,45916.017287290764,46828.07777048,17371.899999999998
52,31201.588404068054,71634.12726325792,45916.017287290764,53952.99482827,17371.899999999998
102,55729.432738463656,70825.74102935588,47778.445395508985,59910.98770767,12449.300000000001
755,2890.7465070962244,9847.507103064465,8917.936631812136,28534.55622175,2626.1450000000004
991,0.0,0.0,0.0,32740.17713588,9754.4
141,46281.14238106977,71667.89650260407,35475.80385567191,45552.71050698,14796.15
143,46281.14238106977,71667.89650260407,35475.80385567191,35814.80598629,14796.15
149,51938.97193184718,71670.27529037939,35475.80385567191,35101.47823955,14796.15
751,0.0,0.0,0.0,36366.02074669,2426.699999999999
88,33109.93154416212,71632.85442958545,47778.445395508985,37456.37260043,17724.55
89,33109.93154416212,71632.85442958545,47778.445395508985,52704.73311206,17724.55
505,4153.347488805078,10724.835440280225,4710.542219780352,37781.0798648,25501.699999999997
508,34449.201492593136,60039.10760530906,38660.605553308866,28797.31635889,25501.699999999997
513,1171.0138354065266,8057.12676264419,4417.3509468544435,32026.85808414,25501.699999999997
514,38572.42132180021,70206.06369008317,50152.49133326808,32861.48291658,25501.699999999997
519,34449.201492593136,60039.10760530906,38660.605553308866,30063.58698126,25501.699999999997
497,38572.42132180021,70206.06369008317,44216.91509657325,34081.5222504,13547.900000000001
230,36901.839832808866,70868.02043066487,55224.637927015836,68481.58626433,25786.75
239,36901.839832808866,70868.02043066487,55224.637927015836,47321.0873657,25786.75
247,36901.839832808866,70868.02043066487,55324.18593941857,36615.15328503,25786.75
254,36901.839832808866,70868.02043066487,55324.18593941857,67495.08660314,25786.75
523,21634.46806788448,60164.89273608162,38660.605553308866,48177.01352939,25501.699999999997
525,1171.0138354065266,8057.12676264419,4417.3509468544435,28780.72942623,25501.699999999997
600,8029.621072791263,41892.31538622346,16314.514474098354,50302.6640152,12990.650000000001
187,17981.372839533764,60433.842687381235,50417.83713391447,41161.56587117,12905.5
194,28833.323537613698,61560.934232411106,50417.83713391447,40711.63662338,12905.5
197,28833.323537613698,61560.934232411106,50417.83713391447,22849.67080787,12905.5
619,993.4418891268497,3587.6425255607483,2247.264587752498,34806.77850981,12990.650000000001
620,44423.43056969271,71650.26865971928,54881.2106411606,42211.20523774,12990.650000000001
967,4604.156514905999,19439.15633312577,4446.740188720083,21410.25816223,9463.999999999998
983,1005.2457189254485,2354.5525850677395,7054.259017818042,25020.73365016,9463.999999999998
985,4253.852217089578,15489.849772593465,7612.843494050733,38403.65226673,9463.999999999998
217,21040.30456009402,69570.28545648573,55224.637927015836,34478.25169627,17704.65
974,20431.705256068803,67508.84108980517,27399.518970113622,61175.34611573,9463.999999999998
280,0.0,0.0,0.0,47626.52751159,2848.74
531,0.0,0.0,0.0,32378.18003721,6981.295000000001
534,0.0,0.0,0.0,27773.70664395,6981.295000000001
675,3803.086171220039,12220.153565454446,8771.760774223276,26532.20247983,2550.635
164,36885.415934010496,70357.85927144109,50417.83713391447,49007.46894821,12905.5
169,39465.71465277518,69850.15959235115,50417.83713391447,44964.27395685,12905.5
171,39465.71465277518,69850.15959235115,50417.83713391447,43826.5444241,12905.5
213,21040.30456009402,69570.28545648573,55224.637927015836,34955.1420176,17704.65
215,21040.30456009402,69570.28545648573,55224.637927015836,33631.25298398,17704.65
788,3879.0109520206697,15343.39928149582,9439.553892662629,34650.44942608,1328.8149999999996
1077,663.3815471723857,4405.844220887091,7061.012063451292,31615.41590219,9717.5
863,9932.69371636121,38767.654174526055,26502.603687323157,36131.77077346,3055.1900000000005
735,2208.1315386066217,10251.20969047157,9199.960977582281,78477.83021016,10299.749999999998
427,9429.978338487776,31730.571735322937,10681.406018622334,66375.47702389,10133.45
643,25815.103322247025,59623.0005383388,27151.47286147861,53662.26393707,2550.635
657,0.0,0.0,0.0,26664.78554262,15805.45
666,0.0,0.0,0.0,51721.18864404,15805.45
667,29409.3468854031,58649.256783278026,53462.093276544525,52338.48494901,15805.45
668,29409.3468854031,58649.256783278026,53462.093276544525,47325.09736824,15805.45
481,34780.01366911189,70357.85904045406,32740.28034031916,46193.86562449,19994.975000000002
489,34780.01366911189,70357.85904045406,32740.28034031916,66053.58677569,19994.975000000002
1037,8112.701311099664,36958.607226215565,13764.151276944716,14219.53436041,8074.35
1042,29169.745192803508,50732.136069842585,38000.4276176366,42865.69477306,8074.35
380,4726.480048244709,26609.11459855458,4617.274015384519,81476.83773451,5638.0
925,4760.548665708616,18958.700861288373,12330.652990104567,42649.61892986,2250.7
1049,719.702504841553,4805.033950118116,4097.418817246223,38909.45466056,12185.765
1055,20170.73755600798,39638.42421733869,26147.112017541676,43409.62001482,12185.765
60,18200.06656376542,63011.144565404844,59455.03678068961,46357.51285452,6052.650000000001
277,6304.308247803796,13606.932672792378,10389.483602193419,41815.20157669,8561.099999999999
834,6127.602647898778,16902.099147406487,11882.761905129988,45788.97294951,3629.8500000000004
867,490.0663125642478,2891.7500204368744,1827.2304359541702,22721.3356662,12941.6
869,1616.3852090308917,6956.169320705183,2733.895978168214,30250.9709366,12941.6
258,24999.728520799046,70074.72618920966,55324.1924151833,50570.8203794,31126.65
259,32090.26358074508,70868.0153740616,55324.1924151833,64719.39663585,31126.65
681,0.0,0.0,0.0,29805.04825851,10960.300000000001
694,5848.643085390361,24306.505272437036,9101.81750074781,50417.01748222,14335.399999999998
697,24048.612152389178,59622.89609275398,27151.461537010055,43020.57714319,14335.399999999998
700,1615.9468184525433,7919.420497262358,1802.6550661181866,41584.90733695,14335.399999999998
715,5257.745810969867,15727.733824171746,12237.10814676631,68363.40118473,19231.85
794,0.0,0.0,0.0,44814.42435709,7025.95
795,23826.34121402614,71515.64335490191,55901.50280560134,47443.31240124,7025.95
83,31813.65993179071,70356.60924873782,71653.2716552381,34679.25398688,25172.75
952,16615.81043689327,39236.835328968584,26072.02869835213,40086.66991615,5281.300000000001
825,15905.882129904798,43618.023322148714,7975.130474818401,57708.10858791,15786.599999999999
826,32318.565819700707,71670.2731493987,71362.34192781714,48212.89022826,15786.599999999999
828,6127.602647898778,16902.099147406487,11882.761905129988,39191.4748511,15786.599999999999
840,1939.4078006005261,7337.66687360451,1728.5663346462252,42289.55514514,17303.4
841,32318.565819700707,71670.2731493987,71362.34192781714,68488.02096801,17303.4
5,28898.77321440992,70116.59400267954,59455.03678068961,21378.85495335,10284.15
58,29980.029451125374,70357.85940499707,59455.03678068961,55496.3056014,13011.650000000001
719,0.0,0.0,0.0,56740.97263504,17500.7
80,34049.151244585955,70305.98837132356,71653.28165523811,23572.49819963,14449.75
578,261.1137202577554,1458.6813892997736,1419.5716520076976,15881.02545519,4200.25
