,simulated_ts,tsdate,tsdate_inferred,geva,relate
22,3394.7733145711336,1632.020583788661,1762.6710186955193,5951.84996856,3153.339196233098
44,6344.9682632285185,7568.685674765793,6447.165966761411,12418.46256801,11802.9774591414
50,4464.59236339683,3035.5630566854707,2481.9619737090206,9684.80307368,6640.446887898434
53,4464.59236339683,3035.5630566854707,2481.9619737090206,8194.2803604,6640.446887898434
60,4754.2751228851685,5915.789535455297,6172.595515913281,7565.97822149,7226.07684764008
62,4761.7241049431495,3035.5636538744147,2481.9619737090206,9858.69577438,5265.797160449688
64,5752.357074063295,6855.409064764231,989.5932320779928,7937.88237255,5693.26151375466
65,4754.2751228851685,5915.789535455297,6172.595515913281,6293.52319712,7226.07684764008
66,3318.45527353931,4464.66318656228,2536.2401320939184,8841.42281105,0.0
67,4754.2751228851685,5915.789535455297,6172.595515913281,4458.12079276,7226.07684764008
68,4761.7241049431495,3035.5636538744147,2481.9619737090206,5541.95787683,5265.797160449688
71,4761.7241049431495,3035.5636538744147,2481.9619737090206,10603.99410898,5265.797160449688
98,2615.228647640782,1786.7628335435857,2135.7723869713946,5237.63104617,4532.666456844139
110,2744.7947082923165,3534.495064047593,1936.1634784368227,7998.5822377,3539.256834760654
177,6457.931606478879,6504.676130731659,7854.173485250603,5603.66164869,5559.92447909142
192,8779.4303273987,6901.635227444988,5517.453844798028,23046.69511432,4750.28699932962
213,3733.016414567439,5870.1667960326595,13348.864556934794,6256.10608645,2583.1377205832446
219,7123.7453334523925,6544.368540566185,3540.1582857098283,14196.84609937,6351.546254354132
226,3244.359532699325,2979.3964721516795,13348.864556934794,4299.27273092,2583.1377205832446
228,7123.7453334523925,6544.368540566185,6796.491635622866,10015.98223976,6351.546254354132
230,3576.7006664571536,2701.699373455783,3409.51419652567,19044.25104221,3624.178053021126
233,11259.610105304238,10408.260759828376,4887.0540757493545,4933.62675989,5646.09740410135
234,7123.7453334523925,6544.368540566185,4094.3047170816358,12716.21933757,11037.593500623223
236,5467.780146608027,6090.7522768829485,4887.0540757493545,3981.92351788,5646.09740410135
240,5467.780146608027,6090.7522768829485,4887.0540757493545,3351.64410599,5646.09740410135
244,7123.7453334523925,6544.368540566185,4094.3047170816358,5305.29523498,11037.593500623223
255,3559.608348316577,2979.4014721390927,4129.489864813013,4132.51947599,2664.9810431595943
258,5662.773064767517,6055.101140302272,11183.489741672562,7166.35521404,11213.788017436393
259,10143.04432203773,13266.262545114292,11183.489741672562,5629.44637819,11213.788017436393
270,7119.837756280107,4703.106549342378,1219.0010828178993,10943.91155795,5320.754609038083
271,10163.37946957281,4974.263601374387,1219.0010828178993,10981.43733518,5320.754609038083
294,15182.662914739434,13011.557514179092,3928.5569534005144,10415.03532999,9194.223055266824
298,13768.718938558917,7692.273745136817,2056.142343994984,4070.28894778,9616.626910720826
299,9788.421804186753,6353.6872412011235,2056.142343994984,3523.94345985,9616.626910720826
300,8439.921969274603,7741.6027505764005,1592.5056917838745,5602.15966642,3995.9736849609008
324,1995.2626704025304,2088.559813565266,3945.5170531047324,2853.05648759,2941.8292165589764
343,4384.459054749542,4691.628322249172,4289.696281523684,3251.32165707,5234.653231685935
355,37916.137849832405,30743.73939258627,2744.2776724085506,8263.96507579,9734.374348359528
358,1666.5840725049584,1914.685699620147,3322.2766446494934,9607.937467,2102.909183131787
364,7287.922609580985,8314.274379673272,6655.23986310069,7786.54105158,8842.821013681098
385,31447.631953072967,25935.461941725207,31413.9880988294,5106.76956551,3169.911817259275
386,3009.71887800952,3131.5575321024344,6751.589293402188,3827.63580664,3169.911817259275
407,0.0,0.0,0.0,6249.90285331,10275.16494076859
408,11128.56620873823,5291.309178358345,5592.288431601285,8507.73988141,10275.16494076859
413,28311.10776221961,17929.653745308176,28757.581951334247,8999.48317276,12206.586425901387
414,3948.888834888815,2134.9121577654187,5592.288431601285,7373.37426179,12206.586425901387
418,16732.392752014104,17789.25273214781,28757.571522254562,4889.80087113,12206.586425901387
419,6113.9839394654,2790.655186346478,1767.6752209375784,6305.21797445,0.0
436,11032.926781253385,15866.482041826193,7481.654109444099,4452.63759854,4157.900822891282
438,15112.165770257074,14871.413976127786,30159.871287715967,6479.27756992,7768.48429386325
441,6776.3427155823065,7276.293709452655,4881.270418882047,8908.96029268,8018.498898422323
442,11159.555841605226,9447.813328218172,10555.200070290857,5764.09691237,8018.498898422323
449,0.0,0.0,0.0,6593.55263331,0.0
452,9245.840940501286,12616.8032553786,9312.053480454288,4640.70949142,3850.468358602626
457,6162.095449262368,8467.960767568855,9643.937611448457,3802.6935602,3105.988087420813
462,12102.921851900455,12616.812220276695,13195.828410342421,2965.11117183,6248.394432972362
463,4201.456503338966,3365.5522548283457,4602.434109722739,9386.7526557,8502.656887702808
467,9245.840940501286,12616.8032553786,10032.65620124606,4222.03098292,8502.656887702808
469,23901.268620144823,24459.006529294962,8698.861392484807,4495.28598898,4130.011869232339
470,6842.323854482227,7200.875423136037,5847.698242166703,4749.71556324,5850.234046942053
479,26823.632169426266,26172.56075290699,28757.571522254562,7287.37718932,8861.518441102518
480,12638.825682340015,12074.265796293375,13892.683352091286,7883.88012705,8861.518441102518
482,9453.951826180728,9719.470705937105,8826.942560765314,5795.64043782,8410.178498938058
486,34427.64646685822,20900.952679647613,30130.493003617943,5137.57909688,8410.178498938058
488,32236.36293222873,17563.706725948985,9649.360614855466,3908.36826288,4842.485550004254
490,17712.594794385892,18067.757366005808,14445.420136994626,7406.95785594,4842.485550004254
491,2242.879803092163,1931.0806292188913,7642.855477570701,5511.96611918,3548.184862010434
493,41469.14619768993,23579.59929157426,30130.502957487923,3020.81383461,7416.3494591341905
494,19539.535387212505,10878.047123644033,3524.0005373669223,3709.12726446,5437.557953530243
516,42181.577144844785,22028.54698610016,17174.382273535364,2275.08790923,3380.313887259584
524,0.0,0.0,0.0,9257.66718309,2271.183871823239
526,45262.77009521561,24696.952203136545,14812.606591478245,7902.55763483,2271.183871823239
527,3708.6696946005072,2458.620042258602,3298.9912419354923,2193.97422268,3380.313887259584
529,33836.63262283968,19088.54192055776,14850.992035349704,2910.66276557,3077.8233359795036
537,0.0,0.0,0.0,6300.36774508,3077.8233359795036
545,12912.15022713813,5772.196710861177,7922.416041917629,5489.12411704,3636.627923956478
553,0.0,0.0,0.0,3355.94201918,3014.5153023827893
562,0.0,0.0,0.0,9376.38773398,3014.5153023827893
568,0.0,0.0,0.0,7492.17737037,0.0
573,0.0,0.0,0.0,8901.07371735,3940.054299828874
577,8402.652296158181,8759.485103178284,22058.86215744536,4222.06155769,2842.5175904820712
594,6287.275693511152,6230.980008420316,3747.723809097613,7753.41490302,8419.061969245742
595,11288.866548732305,12485.089326107009,2503.123933452717,3713.16272312,5374.404917569945
601,36991.56395069274,26942.06175272063,17190.582401200496,9950.27512591,5445.2164888092375
611,34663.2441551423,29339.4400394853,18241.35010467106,7493.01510446,2808.903325356713
619,3580.442262702647,3811.029254634292,5.196840861964299,5254.17614437,4869.572807238845
621,17050.800887119858,10245.660718633728,13010.12235197117,3860.83987453,3097.3664150209934
632,0.0,0.0,0.0,6945.00850497,4061.41566827381
636,0.0,0.0,0.0,4311.92228647,5880.192486645315
638,5275.143184941355,4404.4022951156685,11926.972218220008,3700.2574167,5880.192486645315
640,7466.723978902335,5073.824883492973,11926.972218220008,5826.89325852,8511.313222999139
643,10818.080868619629,9084.878069612834,11926.972218220008,6924.65638112,8511.313222999139
647,0.0,0.0,0.0,10703.02093064,8511.313222999139
648,11345.930993227963,12385.940535670803,5567.465574421643,16130.24875491,8511.313222999139
650,9325.311483977594,8695.496975326558,11926.976801952333,10883.37144833,0.0
666,0.0,0.0,0.0,4315.78841958,2449.961550147267
670,0.0,0.0,0.0,6311.82282837,3368.1688905100946
673,24236.63308801137,11893.009900494633,15859.990832825913,12817.94498313,7293.270540025236
23,19862.26835240201,15600.949552052738,6746.3729919941115,17113.27746027,16002.298643226228
26,19862.26835240201,15600.949552052738,6746.3729919941115,14673.67094114,16002.298643226228
37,7513.841503031662,4212.275229821052,5816.579597440594,30608.59888696,11867.088741051868
39,12320.701809944168,14102.839360254899,5095.479982814547,9929.08574887,6740.733298981647
46,8353.44963170834,10647.030117777333,5095.479982814547,26463.33605332,12813.350460203608
48,8353.44963170834,10647.030117777333,5095.479982814547,15278.17781194,12813.350460203608
54,8443.089193441127,12352.059120015836,5095.479982814547,14755.42241288,12813.350460203608
55,12865.507130837972,13745.991883370825,8296.708273561331,12192.84900458,9703.533748897873
75,10676.395834307412,13039.88413569144,5894.394322376547,13523.64413026,5929.663958100829
104,17747.726658119762,11720.029429890383,6566.427469822172,20594.33316427,16468.48078785654
108,7442.3960455056185,5447.05149598956,6776.513177476944,6578.36453401,8937.069049078675
121,6923.151906829296,4960.412645800482,6776.513177476944,14879.46166247,8024.076450408483
140,4730.45410091197,4124.429177960382,6577.922777361893,16687.74351639,9020.9709846557
144,5912.764374811786,4512.871330575867,6577.922777361893,9059.63663195,9020.9709846557
145,19076.872566262802,19466.01876011853,8725.767867999617,7715.38126251,6096.88209051151
155,19722.56043952811,10737.196224450154,18656.80221814931,9792.98557982,6549.624566186981
158,10366.363205970027,6164.107574519604,18656.80221814931,15191.40584776,6549.624566186981
163,9527.085977640454,7561.914087198152,9912.49082988415,9743.67660802,6066.413081879605
174,31218.17333627564,30602.242185779163,16008.0836847607,12733.85135876,0.0
179,21680.866398951785,31087.447604469417,12006.463755345781,27127.72645849,17964.5755057001
194,17594.415275297,20083.48913522231,8064.9283242923775,12016.13037542,14709.078200893488
201,20556.11761813517,19550.691648669104,13239.193736396202,24059.68173394,17642.322658142268
202,20556.11761813517,19550.691648669104,13239.193736396202,23376.44066844,17642.322658142268
205,20556.11761813517,19550.691648669104,4698.677113570709,22559.65828477,25613.595351687745
206,20556.11761813517,19550.691648669104,4698.677113570709,18154.52376539,25613.595351687745
225,7969.0646390833745,5972.087950095438,13749.160569262394,23367.9053257,0.0
250,7315.650651409725,4829.564677754793,9656.66752563499,11307.85630287,9460.07782483844
256,14443.671878891551,9305.792917785144,9656.66752563499,10060.73756622,9460.07782483844
257,11200.561196552399,8368.502000373088,17218.210051981936,14492.84905251,0.0
276,19201.78992201674,15761.044359199308,16230.87917965295,14545.08204987,8769.73756220789
278,25859.03078537169,18230.209667587937,5079.5111630041,10810.308729,17132.967227220157
281,22404.60164036919,21859.939882460774,2945.4366007485646,8438.01880526,12808.897421089763
282,22404.60164036919,21859.939882460774,2945.4366007485646,9142.56603278,12808.897421089763
283,22404.60164036919,21859.939882460774,2945.4366007485646,6578.22000432,12808.897421089763
284,20545.269264649767,21362.093659889382,2945.4366007485646,5514.02627559,12808.897421089763
297,4169.383421955852,6692.8758199784725,6821.991015901062,10484.18439958,4010.638272021051
301,32150.89809045376,24809.90091054958,5874.726429535772,8024.29628057,26030.17920030517
303,10577.913730714034,11166.755970680728,4974.601408145053,12813.26567972,6424.620429527336
309,14880.815249307954,17878.31062911641,5874.726429535772,11130.57454196,26030.17920030517
335,16280.010147292387,10133.841459065494,4718.75908828032,15640.52483449,7144.719274751108
338,16280.010147292387,10133.841459065494,4718.75908828032,4993.01046361,7144.719274751108
340,2528.3569820472185,3990.8622381698315,6821.991015901062,9720.51120831,3895.2711052890786
342,2528.3569820472185,3990.8622381698315,6821.991015901062,13453.73536056,3895.2711052890786
345,4861.279061743759,3985.0049980675803,4420.982120998075,5635.14476541,7440.727067699769
347,27218.301608398226,18223.917937903705,7920.515296129005,13479.69834749,11305.529689315756
348,4861.279061743759,3985.0049980675803,7332.107910600082,12869.62792308,9684.391811311643
351,4703.8775890941,5711.26604483346,7345.742265160174,8084.11416828,5891.88611414036
363,4770.658417029839,5459.924880420747,5166.729286832411,16803.35704204,7017.536209026641
376,0.0,0.0,0.0,20911.29676633,5932.368897413578
426,9066.808317363557,12224.472881715776,14459.499682852671,8469.24249213,19256.983531462036
428,0.0,0.0,0.0,13408.14626652,19256.983531462036
435,0.0,0.0,0.0,9727.50605926,6672.695727889891
440,26246.706865686796,15280.354647829225,6940.84229857087,7982.12194468,8606.309302366491
443,17557.419993726417,14167.083732213518,10555.200070290857,10875.91282486,8512.967616054932
446,0.0,0.0,0.0,16019.9039235,7978.92453717918
495,2800.153730320948,2258.8419489651565,3859.467282512079,14331.13330007,25707.487514730023
496,31976.249334000382,18141.54141044922,9654.26822832854,12800.4806368,25707.487514730023
498,40962.73819960027,22518.217122382048,19118.222032677775,13619.80963326,25707.487514730023
499,38355.50294067745,18922.743263941466,9654.26822832854,16035.1026965,25707.487514730023
500,31520.46595570524,17544.10980502548,9654.26822832854,16784.35278352,25707.487514730023
501,31520.46595570524,17544.10980502548,9654.26822832854,16356.59682433,25707.487514730023
504,57550.0464577977,28193.863359352043,19118.222032677775,18594.61337935,25707.487514730023
505,31520.46595570524,17544.10980502548,9654.26822832854,17810.15614934,25707.487514730023
507,57550.0464577977,28193.863359352043,19118.222032677775,12417.97435048,25707.487514730023
508,28546.209404325695,16094.900263409643,6199.725711961263,2855.78474696,11731.596342228962
511,0.0,0.0,0.0,11407.07699525,11731.596342228962
517,3836.0345085904323,4298.943013683392,5234.544036367605,12507.75071463,21436.765939688757
518,32900.906349278426,21452.497634062718,15958.538807199908,12954.26379561,21436.765939688757
519,32900.906349278426,21452.497634062718,15958.538807199908,14486.68594737,21436.765939688757
521,0.0,0.0,0.0,11245.51789028,21436.765939688757
530,1880.4812491402915,1616.3507512450783,3859.467282512079,24787.97232619,7040.547513510579
539,0.0,0.0,0.0,9716.72887744,7040.547513510579
542,29472.65902569545,24819.51204642616,10815.185041262348,13187.47130103,7486.487241423711
544,17712.594794385892,18067.757366005808,9935.297993666145,16865.65457765,7486.487241423711
546,1880.4812491402915,1616.3507512450783,3859.467282512079,19188.2854221,15665.207492497506
547,7927.7751317887105,8677.278194079556,3859.4772825120785,6386.16923386,7486.487241423711
548,12912.15022713813,5772.196710861177,7922.416041917629,10447.4618735,7486.487241423711
549,12912.15022713813,5772.196710861177,7922.416041917629,8877.23838405,11215.097315761464
574,2158.8286055925078,1709.6521937596867,13.793254041267744,12101.46239787,7354.831132922088
593,12824.829447992588,14001.246708259236,7269.286756873029,17588.93263603,3756.518533855517
597,0.0,0.0,0.0,18066.6048086,10930.903558718283
603,12491.345375121904,11307.297446606313,6851.121875297641,12448.7926182,13608.049860578847
612,6028.893494003495,4775.150143040055,5235.315577108968,10823.69683462,13608.049860578847
623,17050.800887119858,10245.660718633728,13010.12235197117,9101.8697905,9199.956012394843
675,11786.68773351296,9564.103227954474,16953.62056731467,16839.01000373,10384.56369574572
4,17842.854148985207,11354.636837098786,23252.761517575622,11539.3944728,16335.21869174086
10,10368.810220866564,10647.038985600917,12553.554765481367,14509.47125543,11245.465443146406
61,5752.357074063295,6855.409064764231,7596.967258093394,18320.77686518,9072.591925133633
80,27347.836597847956,19523.257280622096,14702.489883787548,13402.13597651,17931.064715738437
83,13893.077324744816,16012.007637653518,8961.788485613946,16268.890029,6026.744643868695
102,18409.574660779315,14497.613161001018,16500.4744422192,21918.69050697,5410.832931037512
151,26209.483947473873,17575.79259823083,21188.92387116351,14495.23870914,15340.154931258028
165,16067.62983312916,10320.966124968432,11099.460322461604,14258.74600778,6066.413081879605
217,16666.36600967361,15092.8628650103,12536.022671909574,21423.27517832,16234.44488733754
237,9155.192517504447,9962.019433246205,9167.943043570254,15946.24777716,9574.919807497085
245,21311.358057764217,19892.26602533599,10285.216049504295,8312.47834096,16850.673184327086
279,15884.486880444376,11527.387313546795,18987.77018851832,9419.45208012,11666.490357429693
280,19145.310635435246,16589.75332908841,18987.77018851832,15199.4774892,11666.490357429693
289,14738.090084193878,11166.75987551791,7373.037589999269,13565.32730063,10721.03352410578
307,42273.88617704941,25063.515923934923,18771.896150208846,20815.46605302,26030.17920030517
310,42273.88617704941,25063.515923934923,18771.896150208846,29477.34106885,26030.17920030517
313,37631.35239554424,29958.170845444358,18771.896150208846,21661.65132457,26030.17920030517
329,23067.64987815407,23451.69377555891,10786.708856967522,16423.34646536,18847.61467268471
331,23067.64987815407,23451.69377555891,10786.708856967522,11279.08893701,18847.61467268471
344,6585.303832843153,7611.245603707147,13916.066137530968,4964.10715844,8129.680219110713
371,0.0,0.0,0.0,15296.56329872,5932.368897413578
395,29890.08316404628,26537.971914374848,18710.345311685807,18154.16284282,7879.835635151282
431,0.0,0.0,0.0,12944.60846356,19256.983531462036
439,4412.658083187228,3612.5344394159147,3100.8175137374174,46000.10958599,0.0
451,0.0,0.0,0.0,16782.298591,7978.92453717918
455,21487.013114248835,17120.56266306526,12741.710370475002,13792.89508355,13785.559209332061
456,17628.292185314527,11051.763842439666,10648.685123246945,13606.17922443,5672.235846048717
465,32949.16061593062,32769.26942733482,28757.581951334247,12189.46214098,9346.67624436623
466,9245.840940501286,12616.8032553786,10032.65620124606,10512.19279154,9346.67624436623
468,7135.83292674092,7796.940096904359,5847.698242166703,11328.51381619,23474.831621185273
471,1864.3187565316612,2382.523770305695,5470.792339726506,12394.78334261,23474.831621185273
472,21232.280877532834,20565.046551391246,8698.861392484807,10807.94690355,23474.831621185273
473,27337.00178964777,24459.0091056168,8698.861392484807,16021.89552699,23474.831621185273
481,12638.825682340015,12074.265796293375,13892.683352091286,21085.21022752,5216.303903646719
487,16221.704040655919,9642.29906398385,4449.164225631192,8878.05761101,20873.263324166637
509,32792.80160622422,21809.730460465533,15958.538807199908,21464.98378227,25707.487514730023
514,0.0,0.0,0.0,26022.60522053,11434.431279604598
531,15984.747173595713,9108.066429803808,5169.207816124536,37575.19003005,21031.369748544672
533,0.0,0.0,0.0,15851.64428422,21031.369748544672
543,11677.789699117233,6175.175724121639,7922.416041917629,25419.98940097,15665.207492497506
581,12770.719004477949,11099.666329459807,7243.182905059846,23873.70684955,19626.137539006497
584,0.0,0.0,0.0,22367.42865974,19626.137539006497
586,0.0,0.0,0.0,25107.92848198,9247.491199995813
592,11288.866548732305,12485.089326107009,2503.123933452717,24346.19463506,9247.491199995813
602,13783.060565630129,9955.428307578333,7389.068513061794,23751.44529307,6890.68264252534
628,0.0,0.0,0.0,21810.49676331,5554.825678290904
637,2005.442668131352,1291.3855080914964,7086.043932718148,10631.06281862,4352.18384299193
639,3007.8027445200337,2179.78938321651,7086.043932718148,11678.18693781,4352.18384299193
641,11345.930993227963,12385.940535670803,5567.465574421643,11961.13566749,4352.18384299193
642,10389.800100874209,5177.42745406081,11926.972218220008,11520.51002641,4352.18384299193
6,17842.854148985207,11354.636837098786,23252.761517575622,15832.95784695,16335.21869174086
7,17842.854148985207,11354.636837098786,23252.761517575622,22267.99245726,16335.21869174086
8,17842.854148985207,11354.636837098786,23252.761517575622,23617.40743283,16335.21869174086
11,42391.04361929836,21570.794793653593,24526.2036960359,20259.60823406,11245.465443146406
12,14965.761892783104,10246.7280749843,23252.761517575622,10590.99784208,16335.21869174086
17,19370.913894395697,16034.06633936288,23252.761517575622,11799.09825272,16335.21869174086
59,12195.799268101448,14105.597091766333,15356.488556724136,19673.84848381,14051.584586088502
72,53682.921598808134,30219.14214589713,14702.489883787548,34932.19647928,17931.064715738437
74,57337.91706175086,34303.33622203842,14801.116496327313,19677.68282739,19455.079404104214
84,43839.90095409265,33177.09893002295,11071.394935127333,22301.49006571,28462.081775583458
86,43839.90095409265,33177.09893002295,11071.394935127333,20008.89308989,28462.081775583458
109,18409.574660779315,14497.613161001018,13862.028529247524,10643.53450768,0.0
136,9890.782050496333,7835.744502792875,10653.061281339427,27586.83910571,8474.137179441928
137,9890.782050496333,7835.744502792875,10653.061281339427,20545.13764323,8474.137179441928
153,16973.813064820108,12752.966543225168,12386.356100963167,16913.12787738,12776.467715687306
185,10241.291641124913,10105.292887992688,12874.324609025694,25305.41782574,10187.646696367125
251,25822.388649481545,14547.952484600983,14270.560720190291,15333.58303863,10693.434224513658
266,12165.785437553131,10477.486451509205,18326.076758655097,13543.66927832,12736.996557666176
268,12165.785437553131,10477.486451509205,18326.076758655097,19306.40326627,12736.996557666176
356,37916.137849832405,30743.73939258627,10463.836857557522,16278.15050521,20931.618780925666
357,20837.163942942145,14034.624058188498,14612.790662402518,16997.03054741,17692.258105934357
366,14734.296958756047,15311.828819724991,14516.051615597207,15679.81848074,11982.139902788651
383,20459.970936816375,18871.28674643506,15060.764396110302,14631.0536101,6953.094691214841
388,0.0,0.0,0.0,11998.91529653,6953.094691214841
389,20459.970936816375,18871.28674643506,15060.758934245456,21753.28136901,30740.784049207337
390,21730.883126191,14613.115053630856,15077.339154395873,24708.39705852,30740.784049207337
391,21730.883126191,14613.115053630856,15077.339154395873,20437.81893825,30740.784049207337
392,21730.883126191,14613.115053630856,15077.339154395873,14710.61824454,25205.247564148227
393,20459.970936816375,18871.28674643506,15060.758934245456,12208.89344021,25205.247564148227
424,0.0,0.0,0.0,14858.1835364,16117.248714591458
425,9066.808317363557,12224.472881715776,14459.499682852671,19229.34071281,16117.248714591458
432,20163.33637268237,15447.227241011264,9533.28896967257,18326.69361749,23916.974226686787
433,20163.33637268237,15447.227241011264,9533.28896967257,17690.79753921,19864.610598247327
525,3708.6696946005072,2458.620042258602,3298.9912419354923,74507.18923822,12799.4877325618
580,0.0,0.0,0.0,25415.0471715,20334.010252284228
615,0.0,0.0,0.0,12609.05933504,21458.467174987127
616,15978.943505563024,17489.99265816077,16910.244638070777,17530.77014473,16860.574024747795
617,25748.91372595503,24261.090102824066,13317.681272202695,13761.55476377,21458.467174987127
649,11345.930993227963,12385.940535670803,5567.465574421643,15999.6819738,4352.18384299193
672,0.0,0.0,0.0,41947.2954746,30516.774197316467
674,11940.794877262188,10939.477206890711,3098.6006627579795,20416.27740691,26781.69025211068
2,19353.885365910155,14417.925624655076,26626.296065901024,15066.94081644,24153.267948250814
81,29114.67157275289,32749.611775452293,14801.116496327313,18817.11430103,19455.079404104214
93,13007.46554827293,14105.59986677264,17021.406230850553,16637.82709618,15392.103088597089
99,15484.347748486362,14959.78821476117,12651.753832712471,15047.15264237,15125.840154450925
142,15097.716849498076,15877.378057141683,12304.790445879475,13882.70926799,18818.38581494173
152,39406.01509745274,21574.418332918776,15983.90048399895,25799.1026026,25945.178109621833
154,39406.01509745274,21574.418332918776,15675.438773079364,15124.12054386,25945.178109621833
197,17594.415275297,20083.48913522231,12319.505412792865,14066.78706575,18317.84857836749
208,26649.1649176603,23492.97969369393,9862.579358255198,25491.21455619,14429.628768613557
247,25470.57551384096,24598.192492002436,12843.294391795407,17134.3954147,21025.022400701502
248,20932.18969024814,19384.869019839745,12843.294391795407,20953.99168881,21025.022400701502
249,22446.786532189868,14800.511022401188,12843.294391795407,17400.57818835,21025.022400701502
264,14840.050457036043,10983.65309148088,31215.85258495097,10285.32602948,12254.640210385616
291,17671.060552683826,14298.621684098243,26571.84301759797,18552.09512829,23813.966696037853
295,17671.060552683826,14298.621684098243,26571.84301759797,31134.67951362,23813.966696037853
305,23651.32197576939,18930.760112717355,26571.84301759797,22069.62245209,18366.87260994642
306,23651.32197576939,18930.760112717355,26571.84301759797,24901.16075749,18366.87260994642
308,31764.720663972203,18930.760112717355,26571.84301759797,28747.71849054,18366.87260994642
317,28709.770162224217,23525.849208637126,14137.8299989842,16013.39918633,9072.811460622335
327,29697.85995941344,19336.425636022163,14137.8299989842,20151.8038148,8283.659180579558
328,25582.199244438856,21209.03788388183,14137.8299989842,23447.42562004,8283.659180579558
333,23067.64987815407,23451.69377555891,14137.8299989842,13728.70090569,13906.158691026074
372,9766.409378291626,10414.016736825391,9578.99476989358,13105.9475531,11982.139902788651
382,0.0,0.0,0.0,17689.24695465,6953.094691214841
454,0.0,0.0,0.0,15096.85593818,13960.766266505576
460,20346.15578276218,13718.265567032233,30159.871287715967,15636.88892405,17008.314387381248
461,12102.921851900455,12616.812220276695,13195.828410342421,30337.83113015,17008.314387381248
474,27337.00178964777,24459.0091056168,8698.861392484807,24838.77158522,26699.222650669064
476,0.0,0.0,0.0,35029.98494803,26699.222650669064
489,2242.879803092163,1931.0806292188913,7294.599872448298,23057.53037338,22389.2792621826
528,3836.0345085904323,4298.943013683392,5647.949899934826,25274.08303606,16294.157425285912
541,0.0,0.0,0.0,30668.73212707,25457.00316573025
604,15170.598771402467,8759.475103178283,14352.012268830737,25921.0727097,17580.381574357252
605,29823.073160374614,23394.822088037377,17190.582401200496,27881.85299787,17580.381574357252
620,3580.442262702647,3811.029254634292,5.196840861964299,24506.31523169,10203.052855640806
622,2005.442668131352,1291.3855080914964,7086.043932718148,16965.11930569,10203.052855640806
626,18368.72870412275,23441.545990402614,18493.259570485094,16300.75446416,10203.052855640806
653,0.0,0.0,0.0,23413.68906611,10325.884719286769
664,33097.559900304084,30602.381215268124,39708.8057676374,16464.26466066,7505.834530790031
20,38590.52833636716,32185.08699216017,35943.41476379029,20469.16086344,23556.312440617694
21,39237.392930731745,30183.775813417215,35943.41476379029,30913.84690887,23556.312440617694
103,28338.968713948012,32749.611775452293,32955.26500735686,39086.18294733,20176.093626864444
159,15198.650175098284,15333.62194445773,34833.21738600439,34335.9543781,15409.169099922292
175,23199.048459231002,22713.525749455526,31869.3979902507,22100.53138717,0.0
178,16542.522314079077,20053.972155647287,27789.225713638254,27543.46282375,17964.5755057001
181,16542.522314079077,20053.972155647287,27789.225713638254,43102.54287,17964.5755057001
204,40278.86892743144,24560.7025017306,32047.961770322814,40143.6518185,35744.08377452134
210,25550.27849964147,19234.40083549627,18308.166246893958,26449.8670396,14429.628768613557
277,50148.61517085505,28650.2843462552,28093.807405352392,35956.55929093,26142.804434872705
315,28276.307317611176,22627.748932435956,17664.091538279037,25150.31929978,18366.87260994642
316,28276.307317611176,22627.748932435956,17664.091538279037,22606.0315648,18366.87260994642
346,34093.05248645076,28324.23443648024,31413.9880988294,39645.15829354,22944.061231612854
394,31220.228318426874,23707.895320864896,15060.758934245456,28321.33699219,17306.351949501084
411,28311.10776221961,17929.653745308176,28757.581951334247,51496.27759735,7986.839788051341
412,28311.10776221961,17929.653745308176,28757.581951334247,45976.7103766,7986.839788051341
444,5815.607197130579,8560.441262108287,7481.6568227040425,12191.56208581,23646.408018978276
497,35726.62757681327,19529.267092881368,9654.26822832854,27314.34900674,49249.3095088652
502,31520.46595570524,17544.10980502548,9654.26822832854,27549.66893112,49249.3095088652
503,57550.0464577977,28193.863359352043,19118.222032677775,30126.44571161,49249.3095088652
506,31520.46595570524,17544.10980502548,9654.26822832854,24999.86343302,49249.3095088652
512,30661.228121654374,19134.642534601353,15958.538807199908,23490.33486812,34059.24888073723
515,13346.346787593171,12943.34402135354,10717.000876854721,43058.31167079,34059.24888073723
522,32900.906349278426,21452.497634062718,15958.538807199908,26773.59078462,34059.24888073723
565,0.0,0.0,0.0,22096.08274391,10456.939059782266
576,0.0,0.0,0.0,13542.89325917,8531.092080150114
600,0.0,0.0,0.0,27796.2673858,20616.259958101033
609,0.0,0.0,0.0,31577.63970008,36568.21064449285
610,34663.2441551423,29339.4400394853,18241.35010467106,27412.91129534,36568.21064449285
625,0.0,0.0,0.0,19906.05811559,20756.010057330383
111,21229.068096493615,16445.852967793635,32955.26500735686,16221.05346504,15305.4178280111
112,21229.068096493615,16445.852967793635,32955.26500735686,19883.6388932,15305.4178280111
126,16190.588090897914,15425.849968760316,18927.344255492942,28635.79449302,15305.4178280111
172,21707.83264675164,20375.695100427987,31869.3979902507,23008.71862429,20818.456335184892
183,35479.54390690772,36865.29854694193,36945.19941648908,36432.96373507,36578.56210063485
184,35479.54390690772,36865.29854694193,27789.225713638254,32279.73839421,36578.56210063485
190,35479.54390690772,36865.29854694193,27789.225713638254,40332.55466766,36578.56210063485
231,31735.820199359023,21348.134347961633,36453.204489338976,25919.67991278,25661.353798854805
232,28751.407719053204,21277.537059801398,28093.807405352392,33550.72242307,25661.353798854805
319,31419.864572485374,23950.90084844389,21215.760572396368,34023.23045959,27027.319955371084
320,31419.864572485374,23950.90084844389,21215.760572396368,28854.70672128,27027.319955371084
352,12802.334912612576,13603.971410384982,31413.9880988294,23781.09778049,0.0
384,15169.430287657586,18705.884654523023,15060.758934245456,16944.20286733,0.0
409,11128.56620873823,5291.309178358345,5592.288431601285,35596.45445357,16800.785585799254
410,28311.10776221961,17929.653745308176,28757.581951334247,39976.38865057,16800.785585799254
417,0.0,0.0,0.0,23250.36090606,16800.785585799254
437,5203.2941657941,5215.10288617636,12847.429403074608,28125.78683436,26554.209874895543
458,2800.153730320948,2258.8419489651565,7650.305001525451,20415.81312629,19573.19431058712
459,20346.15578276218,13718.265567032233,30159.871287715967,18568.03851129,19573.19431058712
464,7135.83292674092,7796.940096904359,12847.429403074608,63242.21966147,33141.88608694442
478,0.0,0.0,0.0,44779.98833028,30799.345616912058
483,12638.825682340015,12074.265796293375,13892.683352091286,28798.47175784,23594.549539416937
485,0.0,0.0,0.0,29988.10762942,23594.549539416937
492,19539.535387212505,10878.047123644033,13892.683352091286,42639.86964197,31818.547012709427
661,0.0,0.0,0.0,29215.05471052,12457.215690594749
663,0.0,0.0,0.0,13027.7669666,12457.215690594749
