,simulated_ts,tsdate,tsdate_inferred,geva,relate
2,965.1425783438793,1464.8296071273287,4307.378916789948,4263.75518898,4944.195825915474
5,5270.043546681888,2618.124850812434,9278.18654045016,2721.7030345,4939.65130465704
10,8106.4458884355845,9141.334682620316,9279.512536226794,4943.22496363,10088.5564033711
24,221.89245592177633,4.27639073439195,7593.435065507529,2434.88887639,516.2436345757689
29,221.89245592177633,4.27639073439195,7593.435065507529,534.61679663,516.2436345757689
30,6051.041082014595,15851.770791900502,5102.609079106787,5385.3014401,10088.5564033711
33,5149.522043140426,7971.675179792587,5102.609079106787,6336.42625509,8386.53369694536
35,4857.775569074944,3609.6906146312435,2369.6348556144076,4485.54509429,10542.871401805109
38,4857.775569074944,3609.6906146312435,2369.6348556144076,3269.36260907,10542.871401805109
49,7568.27266973904,4230.590799756903,4303.833759232726,3842.68171105,10542.871401805109
51,10234.843105977341,15978.109331589741,4334.938693250389,6342.69245814,12637.44551750867
55,5708.218993806476,7177.912667321915,2013.1312560349713,3681.49086145,15474.178938670704
57,5708.218993806476,7177.912667321915,2013.1312560349713,3318.77497502,15474.178938670704
61,9625.31676352153,16474.499543247206,4334.938693250389,4170.68522745,12637.44551750867
62,5708.218993806476,7177.912667321915,2013.1312560349713,3052.2133748,15474.178938670704
68,5708.218993806476,7177.912667321915,2013.1312560349713,3325.59272188,7689.655850946777
131,315.3509566008123,8.126002185046588,7141.926674926484,2285.59472789,826.6072046625289
133,9086.037924664308,14837.321800630456,4891.870505127718,8297.79913249,0.0
146,18909.29707104359,24876.196754268378,5761.511608484793,12289.41926561,35610.3348032562
196,9451.571659313924,8613.648115769261,10950.072409991779,7560.25417068,7331.944118035816
197,327.0357777385738,8.18511111223884,8408.318674113287,2638.20172186,702.4120912826031
202,22785.83609938363,11638.360475960852,10950.072409991779,7914.00654108,8608.762224327025
203,17067.402058063093,11646.974310336098,10950.072409991779,8870.28396613,8608.762224327025
209,17067.402058063093,11646.974310336098,10950.072409991779,11313.14477899,8608.762224327025
214,23518.555851277488,11640.899768472056,10950.072409991779,11841.85877102,14410.084458635209
219,327.0357777385738,8.18511111223884,8408.318674113287,6019.95133343,1573.4078401037666
223,18231.4534702132,11576.751237824114,10950.072409991779,12782.70447827,14410.084458635209
229,14595.86199312782,11640.897326790862,10950.072409991779,9384.49627264,14410.084458635209
230,14595.86199312782,11640.897326790862,10950.072409991779,8443.50944446,14410.084458635209
246,9346.85334160158,15147.934141263871,12313.081565051772,21854.42735394,0.0
260,2743.2098161416566,5175.16931889688,5725.9859696594995,5535.94810572,6446.164447250783
261,12847.4858059877,20343.077489948715,3220.4734933141563,6130.06739809,18675.297598699733
264,12847.4858059877,20343.077489948715,3220.4734933141563,6600.55912926,18675.297598699733
281,260.5430366175568,4.6971126616461625,7141.926674926484,673.29294639,935.6464616937318
285,4696.977928055477,9425.029389157255,5725.9859696594995,5674.88982058,6446.164447250783
286,4696.977928055477,9425.029389157255,5725.9859696594995,10251.31597131,6446.164447250783
293,4696.977928055477,9425.029389157255,5725.9859696594995,6576.26680435,6446.164447250783
298,4696.977928055477,9425.029389157255,5725.9859696594995,5655.48623607,6446.164447250783
313,2032.1474347073715,7141.888289208542,2406.7303621481824,1392.27438705,1115.0239010891203
314,336.70735551485086,7.56766018544749,8028.760434600026,687.54146795,947.365793693228
317,336.70735551485086,7.56766018544749,11327.99759984837,845.6398416,947.365793693228
320,2032.1474347073715,7141.888289208542,2869.473835750353,2523.12835028,1115.0239010891203
334,327.0357777385738,8.18511111223884,7141.926674926484,1515.33057462,893.2979788122213
347,327.0357777385738,8.18511111223884,7141.926674926484,1415.36547809,893.2979788122213
349,327.0357777385738,8.18511111223884,7141.926674926484,2145.0156257,893.2979788122213
353,375.0900911384882,7.6258867145468106,12908.329375966807,1791.56170645,893.2979788122213
366,675.7273035269606,13.378097164586372,15985.537445376585,3109.50617582,1105.463129443945
368,675.7273035269606,13.378097164586372,15985.537445376585,4079.58911226,1105.463129443945
370,413.56368428678286,9.516830640463628,7141.926674926484,2755.09914348,1105.463129443945
374,413.56368428678286,9.516830640463628,7141.926674926484,3416.30578109,1105.463129443945
376,413.56368428678286,9.516830640463628,7141.926674926484,3160.80819498,1105.463129443945
378,413.56368428678286,9.516830640463628,7141.926674926484,1683.37446497,1105.463129443945
389,693.8778210456128,1394.4767005908682,5.350695501362438,1394.37519507,1231.7351455568685
398,413.56368428678286,9.516830640463628,11040.98272965553,5024.13126725,1479.8141368766553
403,826.763330189822,13.369953632629002,11040.98272965553,7063.11874505,1479.8141368766553
409,752.9884905089615,13.373392250369553,11040.98272965553,6991.6056867,1479.8141368766553
416,597.1912415440082,13.36995269769678,11040.98272965553,2755.48591894,1479.8141368766553
421,597.1912415440082,13.36995269769678,11900.820326402614,4066.61978295,1479.8141368766553
422,597.1912415440082,13.36995269769678,11900.820326402614,3283.06978826,1479.8141368766553
426,597.1912415440082,13.36995269769678,11900.820326402614,2724.89221657,1479.8141368766553
432,413.56368428678286,9.516830640463628,8634.37789210992,4437.21937044,846.7642159656962
435,1544.6430120325247,2462.801621586486,5.226302943164468,1521.8573392,1064.0557836833557
440,413.56368428678286,9.516830640463628,7141.926674926484,3292.25158285,2222.097152421559
448,621.4302034126347,7.647527942959124,7141.926674926484,1903.29896453,1191.231106041141
453,1544.6430120325247,2462.801621586486,5.226302943164468,3054.59377436,1134.024659123425
459,1544.6430120325247,2462.801621586486,5.226302943164468,2559.22312014,1134.024659123425
462,1026.3094595168975,13.378098098949414,7141.926674926484,3435.11059658,1191.231106041141
463,1026.3094595168975,13.378098098949414,7141.926674926484,4431.77738474,1191.231106041141
466,621.4302034126347,7.647527942959124,15972.757773075386,2257.17785627,1305.5548068924568
470,429.74961421364594,7.449192303816177,15972.757773075386,2496.236785,1253.7221578164756
472,429.74961421364594,7.449192303816177,15972.757773075386,7132.78006195,1253.7221578164756
476,429.74961421364594,7.449192303816177,15972.757773075386,4973.89207756,1253.7221578164756
482,429.74961421364594,7.449192303816177,15972.757773075386,3702.58298278,1253.7221578164756
485,873.5985690646314,6128.108835738677,2239.207902141167,880.39131682,1542.5928552926725
510,433.134220789147,10.108363145582935,7141.926674926484,1566.46284706,1287.436177148211
521,433.134220789147,10.108363145582935,7141.926674926484,1401.3783535,1287.436177148211
528,433.134220789147,10.108363145582935,15972.757773075386,2044.0827794,1054.7469123159356
534,8269.608684464529,8317.722639486172,10949.714116140378,4767.16180994,10893.338645934038
538,8269.608684464529,8317.722639486172,7365.272978474491,9766.92575307,10893.338645934038
539,8269.608684464529,8317.722639486172,7365.272978474491,6091.68685526,10893.338645934038
540,8269.608684464529,8317.722639486172,7365.272978474491,5243.7895358,10893.338645934038
557,8269.608684464529,8317.722639486172,7365.27411588553,5376.80398517,6124.89893483966
559,7813.802850091745,8868.843722583999,7365.27411588553,6222.25496051,8507.190606774953
560,1864.5789199757523,12.44033241550872,15985.537445376585,7766.4637365,2350.87865309973
561,1864.5789199757523,12.44033241550872,15985.537445376585,6835.71753253,2350.87865309973
562,1864.5789199757523,12.44033241550872,15985.537445376585,6845.33095642,2350.87865309973
565,1864.5789199757523,12.44033241550872,15985.537445376585,6547.73958943,2350.87865309973
566,7813.802850091745,8868.843722583999,7365.27411588553,6095.8547145,8507.190606774953
567,1638.9812196106852,10.778132131678921,15985.537445376585,6518.85635263,2350.87865309973
568,1638.9812196106852,10.778132131678921,15985.537445376585,6024.75509648,2350.87865309973
569,1638.9812196106852,10.778132131678921,15985.537445376585,4772.2514037,2350.87865309973
570,1638.9812196106852,10.778132131678921,15985.537445376585,4663.43364555,2350.87865309973
576,1046.84179652711,13.378093043540822,15985.537445376585,4807.1908111,2350.87865309973
578,863.8116327260146,13.377711756542585,15985.537445376585,4242.21402984,2350.87865309973
580,863.8116327260146,13.377711756542585,15985.537445376585,7948.18052347,2350.87865309973
581,863.8116327260146,13.377711756542585,15985.537445376585,7601.95743558,2350.87865309973
582,863.8116327260146,13.377711756542585,15985.537445376585,4274.90021764,2350.87865309973
583,863.8116327260146,13.377711756542585,15985.537445376585,2550.77079094,2350.87865309973
584,780.65406511564,13.091388092305722,15985.537445376585,2917.21091508,2350.87865309973
586,5265.8659743715325,7830.975881109613,7365.27411588553,3709.1549627,8507.190606774953
592,8269.608684464529,8317.722639486172,7365.27411588553,5619.05576694,8507.190606774953
594,8269.608684464529,8317.722639486172,7365.27411588553,8699.25495603,8507.190606774953
599,8269.608684464529,8317.722639486172,7365.27411588553,5777.89684518,8507.190606774953
600,662.9048326724538,13.091387137479513,15985.537445376585,3073.36846377,2350.87865309973
602,6682.8437694027525,8241.559552349696,7365.27411588553,8490.60109488,8507.190606774953
603,662.9048326724538,13.091387137479513,15985.537445376585,5521.82462529,2350.87865309973
604,662.9048326724538,13.091387137479513,15985.537445376585,4437.76353859,2350.87865309973
610,662.9048326724538,13.091387137479513,7344.354578975048,1769.24360721,2350.87865309973
611,5694.147608834031,7720.391293219902,5030.7087442094335,4634.3531518,8507.190606774953
612,5694.147608834031,7720.391293219902,5030.7087442094335,4918.25764741,8507.190606774953
613,5694.147608834031,7720.391293219902,5030.7087442094335,3551.98422205,8507.190606774953
614,5172.061207683791,6701.473155722234,5030.7087442094335,3366.1865694,8507.190606774953
617,406.196568392863,8.144168240700155,7344.354578975048,1326.83148268,2350.87865309973
12,2737.465081665695,10274.253817122535,3244.5298547022653,22812.37663834,4376.39073004228
25,2737.465081665695,10274.253817122535,3244.5298547022653,17968.83515225,4376.39073004228
81,2170.903270272727,3657.501042637809,7.333709046437865,3191.67386524,4361.258438570226
112,10266.208548122879,21730.578693088508,7467.673649618313,9913.20403874,8616.783815264254
125,3913.391085455502,14344.44407095767,10337.786185625253,4986.51139553,4330.517096779552
129,3913.391085455502,14344.44407095767,10337.786185625253,6775.01502791,4330.517096779552
137,3511.365792135589,13206.374802276148,10337.786185625253,6251.43867314,3782.3123213187987
142,5139.164645791503,15494.153151950697,10337.786185625253,6784.79588878,3782.3123213187987
143,3741.920888089549,13206.377302275438,10337.786185625253,7868.70336788,3782.3123213187987
171,14365.742480545052,21730.57761809969,10027.260639141676,19081.25282609,5241.297367637138
178,14365.742480545052,21730.57761809969,12718.976088895071,11076.06657743,11792.914239703434
179,14365.742480545052,21730.57761809969,12718.976088895071,16173.27759968,11792.914239703434
181,3741.920888089549,13206.377302275438,6840.514689426707,4766.70839301,6539.540682647368
182,16091.823736653261,21730.57761809969,7141.931674926484,11479.80994648,14568.715828788754
183,3639.3078828241014,13206.377302275438,6840.514689426707,6477.77629453,6539.540682647368
193,5253.6964561521045,6633.087918283423,8053.458105632286,6454.11373676,4080.881786697576
217,5037.863383499394,5639.812098694499,8053.458105632286,3192.29442473,2919.7712533690033
225,5037.863383499394,5639.812098694499,8053.458105632286,6247.58271856,2919.7712533690033
231,5037.863383499394,5639.812098694499,7979.506094461266,5263.02649952,2919.7712533690033
233,5037.863383499394,5639.812098694499,7979.506094461266,2097.34486725,2919.7712533690033
242,11478.339570056432,12562.14212435171,12848.963595701993,9649.48010793,14556.278243836918
243,7449.765024867053,13006.831273950194,8168.430464266908,10552.59604426,3896.2002884733733
244,11478.339570056432,12562.14212435171,12848.963595701993,5969.06070677,14556.278243836918
254,12847.4858059877,20343.077489948715,12988.795310185486,12982.38878189,0.0
267,12059.110094332485,12298.3449533786,8028.763245032773,5418.70880313,12163.214846084073
273,12059.110094332485,12298.3449533786,8028.763245032773,11572.2113654,12163.214846084073
274,12059.110094332485,12298.3449533786,8028.763245032773,8240.42228173,12163.214846084073
295,7537.305856615487,12558.294099877101,8028.763245032773,7269.75167058,12163.214846084073
299,17147.30574532389,12558.294978295236,8028.763245032773,9589.44892757,12163.214846084073
304,8697.78077653822,7109.232046925749,8028.763245032773,5786.47327635,12163.214846084073
306,7781.657303253009,13006.832646669318,9279.692143821028,2525.70542126,8526.867418049844
310,10273.416071609963,13006.834019388296,6575.963808873926,4505.69580783,9577.79665977515
311,5495.260444406798,6553.820222022195,7270.690362657345,6005.27249362,6040.825893865837
312,10273.416071609963,13006.834019388296,6575.963808873926,4866.83511368,9577.79665977515
316,5495.260444406798,6553.820222022195,11558.13338761043,8896.28139053,6040.825893865837
318,7781.657303253009,13006.832646669318,6575.963808873926,10464.20084348,9577.79665977515
319,11240.395453035664,11453.898636481157,11639.775118592224,11245.68475689,9145.195395780234
329,6477.252419775955,9425.031378560689,11558.13338761043,9724.1009533,8730.749493600191
330,2032.1474347073715,7141.888289208542,5309.72135059149,3723.36646491,4357.584250545249
335,9747.292957125816,17815.767117955736,11328.001565164768,8940.29366354,11522.33532535831
336,9747.292957125816,17815.767117955736,11328.001565164768,8921.99297887,11522.33532535831
337,2032.1474347073715,7141.888289208542,5309.72135059149,4574.05996291,4357.584250545249
339,4696.977928055477,9425.029389157255,11558.13338761043,4486.3208261,8730.749493600191
341,3574.7391578307897,13006.826720942476,7840.329359976428,6093.15098566,4357.584250545249
342,9747.292957125816,17815.767117955736,11328.001565164768,9125.71179914,11522.33532535831
343,3574.7391578307897,13006.826720942476,7840.329359976428,5003.97925894,4357.584250545249
344,9747.292957125816,17815.767117955736,11328.001565164768,8988.95231641,11522.33532535831
345,3550.656238119713,7141.888289208542,7840.329359976428,5378.66740914,4357.584250545249
346,3574.7391578307897,13006.826720942476,7840.329359976428,5561.3470245,4357.584250545249
350,3574.7391578307897,13006.826720942476,7840.329359976428,3076.22747781,4357.584250545249
361,4489.7894217113935,9207.305296828608,11558.13338761043,5543.6998303,5832.598453931147
363,3371.0403221364477,11394.165588702383,5502.126980466123,6026.74888491,3784.7514108062633
365,18569.1100984708,21900.246438600363,15985.543041044593,8505.45303044,22449.975893082825
371,17362.033727679023,25463.41700140703,11040.986594503618,3855.22964268,22449.975893082825
372,4489.7894217113935,9207.305296828608,9886.107932974319,9212.01571555,8783.898798938886
377,3574.7391578307897,13006.826720942476,5502.126980466123,11016.29849903,4828.753201086177
379,6107.443468646511,11578.776674027182,9886.107932974319,10078.24639634,8783.898798938886
380,6107.443468646511,11578.776674027182,9886.107932974319,7424.19519187,8783.898798938886
381,3574.7391578307897,13006.826720942476,5502.126980466123,4806.74294668,4828.753201086177
383,15344.140193008932,25447.915098998008,11040.986594503618,5935.0719741,22449.975893082825
393,21242.730238428503,25447.91687851633,11040.986594503618,2153.80188441,20730.079193770584
395,8455.265164353832,11578.77748370629,9886.107932974319,18599.76790467,9403.205619255596
396,2919.493117394754,9114.058201399046,5502.126980466123,8626.35216154,5340.12994448637
397,21242.730238428503,25447.91687851633,11040.986594503618,32177.98147963,20730.079193770584
401,2919.493117394754,9114.058201399046,5502.126980466123,7857.18844522,5340.12994448637
411,4009.818441813793,3750.0400628152383,5725.990969659499,10759.26825921,9403.205619255596
420,3747.575902121209,6622.9852293698,5725.990969659499,5516.54583269,9403.205619255596
425,2919.493117394754,9114.058201399046,5502.126980466123,9808.84925039,5340.12994448637
442,13595.793941089774,20449.412999657154,7551.496273730961,9833.9977061,9751.162234421085
444,16541.026014845163,20461.868444632415,7551.496273730961,14952.67161414,9751.162234421085
451,38566.87176176397,20461.875807072796,15972.76448209919,19737.80595564,23108.027812861917
452,15383.764094342914,20461.870004618435,9064.297392708231,17447.21595707,8723.111006114734
454,38566.87176176397,20461.875807072796,15972.76448209919,19416.49963731,23108.027812861917
455,38566.87176176397,20461.875807072796,15972.76448209919,19479.20523626,23108.027812861917
460,15383.764094342914,20461.870004618435,9064.297392708231,14504.47590015,8723.111006114734
464,1307.9033860879038,8902.87833590224,5170.7776416820925,3891.7316567,3297.5513628145354
465,39623.91850621986,20461.875807072796,15972.763364269926,16710.44801449,16722.748178454403
477,5368.839325493024,16904.535736422586,15040.042517290509,17110.07189676,5247.097951763432
479,5368.839325493024,16904.535736422586,15040.042517290509,17466.42345439,5247.097951763432
483,5368.839325493024,16904.535736422586,15040.042517290509,21221.30303027,5247.097951763432
491,15269.920788953325,27029.663641262894,15972.763364269926,12735.15352521,19982.80965485084
496,18183.63467508522,27046.132867306485,15972.763364269926,9261.78446869,19982.80965485084
500,26880.94633487678,27046.134756282674,15972.763364269926,17959.58098038,19982.80965485084
503,26880.94633487678,27046.134756282674,15972.763364269926,16423.64512105,19982.80965485084
504,26880.94633487678,27046.134756282674,15972.763364269926,11456.05800982,19982.80965485084
505,26880.94633487678,27046.134756282674,15972.763364269926,12119.18340856,19982.80965485084
508,26880.94633487678,27046.134756282674,15972.763364269926,13254.35932465,19982.80965485084
509,26880.94633487678,27046.134756282674,15972.763364269926,13465.94690352,19982.80965485084
511,26880.94633487678,27046.134756282674,15972.763364269926,13168.77368796,19982.80965485084
513,26880.94633487678,27046.134756282674,15972.763364269926,13869.55658268,19982.80965485084
515,26880.94633487678,27046.134756282674,15972.763364269926,14679.52724937,19982.80965485084
516,26880.94633487678,27046.134756282674,15972.763364269926,20266.2254391,19982.80965485084
517,26880.94633487678,27046.134756282674,15972.763364269926,17396.51975832,19982.80965485084
519,26880.94633487678,27046.134756282674,15972.763364269926,15073.94639971,19982.80965485084
522,26880.94633487678,27046.134756282674,15972.763364269926,13835.77473354,19982.80965485084
621,1136.750516902557,7786.165123185539,7173.206682019697,8390.18862891,2078.431774583905
32,21934.583721951774,35444.85530156236,19649.322333540018,21875.35461611,27093.57334682895
37,18666.64278962292,17824.814461938626,19649.322333540018,11984.72186188,27093.57334682895
39,17976.76973161917,10838.470193249308,19649.322333540018,19869.48910273,27093.57334682895
41,18795.4409595552,17842.92569331123,19649.322333540018,12741.98758942,27093.57334682895
43,18795.4409595552,17842.92569331123,19649.322333540018,18016.73481494,27093.57334682895
64,21934.583721951774,35444.85530156236,16693.14783070197,10856.32392646,29179.916136959684
65,39985.45412017111,35463.66651646739,16693.14783070197,12081.88741974,29179.916136959684
69,39985.45412017111,35463.66651646739,16693.14783070197,26007.93762135,29179.916136959684
70,39985.45412017111,35463.66651646739,16693.14783070197,24981.26038755,29179.916136959684
71,39985.45412017111,35463.66651646739,16693.14783070197,22825.83387734,29179.916136959684
72,39985.45412017111,35463.66651646739,16693.14783070197,21884.60155068,29179.916136959684
73,39985.45412017111,35463.66651646739,16693.14783070197,22072.78784362,29179.916136959684
77,45168.873439674375,35756.80852969633,16693.14783070197,17538.35815924,29179.916136959684
79,45168.873439674375,35756.80852969633,16693.14783070197,19928.66219821,29179.916136959684
80,45168.873439674375,35756.80852969633,16693.14783070197,19802.19046838,29179.916136959684
83,45168.873439674375,35756.80852969633,7808.272879288041,22725.10547907,29179.916136959684
84,45168.873439674375,35756.80852969633,7808.272879288041,9697.96263891,29179.916136959684
85,45168.873439674375,35756.80852969633,7808.272879288041,8425.51300697,29179.916136959684
87,22828.56064829911,21730.576098768495,15291.203779832576,4749.71977734,4361.258438570226
88,22828.56064829911,21730.576098768495,15291.203779832576,14903.50295091,4361.258438570226
90,22828.56064829911,21730.576098768495,15291.203779832576,12661.97325454,4361.258438570226
91,22828.56064829911,21730.576098768495,15291.203779832576,12378.46446369,4361.258438570226
92,22828.56064829911,21730.576098768495,15291.203779832576,15133.68524674,4361.258438570226
96,22828.56064829911,21730.576098768495,15291.203779832576,13076.26033934,12361.040397960036
98,22828.56064829911,21730.576098768495,15291.203779832576,11559.44294644,12361.040397960036
99,20324.455045353403,21730.576098768495,15291.203779832576,8682.54941357,12361.040397960036
101,15376.211113364263,21739.561070445285,15291.203779832576,7066.55151395,12361.040397960036
103,20324.455045353403,21730.576098768495,15291.203779832576,10412.52718986,12361.040397960036
107,20324.455045353403,21730.576098768495,15291.203779832576,8470.03843517,12361.040397960036
139,9086.037924664308,14837.321800630456,10793.305176561526,22832.63600134,6403.929771007798
169,50625.65520121937,35775.757842562285,17857.428319802213,29043.25213498,5241.297367637138
184,25543.595292513324,29103.439927869174,13082.372909802396,15222.37534636,14008.558826231912
247,13688.669729204057,23688.079618824948,14361.113208937048,44258.34381641,3896.2002884733733
250,21281.014301228275,35775.16358824886,13430.131785499536,13884.85674546,13074.70656481437
253,15781.421998143023,15988.811486420142,21478.01370201139,21361.33148757,8237.740697060086
255,15781.421998143023,15988.811486420142,21478.01370201139,13892.61524139,8237.740697060086
270,46149.17163523976,35027.36709646654,14444.456690512037,22574.91865877,12163.214846084073
271,46149.17163523976,35027.36709646654,14444.456690512037,18117.505381,12163.214846084073
276,46149.17163523976,35027.36709646654,14444.456690512037,30310.41342056,12163.214846084073
280,46149.17163523976,35027.36709646654,14444.456690512037,24679.93847867,12163.214846084073
289,28434.694113420235,35741.22057306977,14444.456690512037,23810.77572432,12163.214846084073
290,28434.694113420235,35741.22057306977,14444.456690512037,29039.75001613,12163.214846084073
291,28434.694113420235,35741.22057306977,14444.456690512037,32030.42600591,12163.214846084073
292,28434.694113420235,35741.22057306977,14444.456690512037,34813.69163998,12163.214846084073
296,28434.694113420235,35741.22057306977,14444.456690512037,19581.75127921,12163.214846084073
301,21143.349201089673,16471.824670369147,14444.456690512037,46219.32883516,12163.214846084073
307,11108.619679694919,16471.817479880916,9128.329266901766,10951.16855915,13419.544641007757
328,7781.657303253009,13006.832646669318,12168.260114541992,11623.59010252,12761.957845487503
332,7449.765024867053,13006.831273950194,12168.260114541992,11750.5668606,12761.957845487503
338,7449.765024867053,13006.831273950194,12168.260114541992,12143.96057108,12761.957845487503
340,7449.765024867053,13006.831273950194,12168.260114541992,10598.31318103,12761.957845487503
352,21642.071005461396,28445.970341571418,11558.138433957854,17865.55416937,8730.749493600191
382,15746.853654463293,20403.970686667115,14368.264041985989,11631.89655425,15363.856072614062
384,15746.853654463293,20403.970686667115,14368.264041985989,6595.97473836,15363.856072614062
385,15746.853654463293,20403.970686667115,14368.264041985989,8033.29524971,15363.856072614062
386,15746.853654463293,20403.970686667115,14368.264041985989,16148.53753842,15363.856072614062
387,15746.853654463293,20403.970686667115,14368.264041985989,17024.81228613,15363.856072614062
388,15746.853654463293,20403.970686667115,14368.264041985989,12626.8640541,15363.856072614062
394,20312.267876757378,20396.796283673986,14368.264041985989,23179.15288553,27622.034873629425
400,20312.267876757378,20396.796283673986,14368.264041985989,23376.10286531,27622.034873629425
405,18342.29835263624,11581.76315002844,9886.112249305826,33351.16521286,9403.205619255596
406,18342.29835263624,11581.76315002844,9886.112249305826,30117.26034977,9403.205619255596
407,20312.267876757378,20396.796283673986,14368.264041985989,17696.50900688,27622.034873629425
408,20312.267876757378,20396.796283673986,14368.264041985989,25152.10270523,27622.034873629425
412,20312.267876757378,20396.796283673986,14368.264041985989,17995.18574805,27622.034873629425
413,20312.267876757378,20396.796283673986,14368.264041985989,23937.88579805,27622.034873629425
414,20312.267876757378,20396.796283673986,14368.264041985989,19973.28123645,27622.034873629425
419,20312.267876757378,20396.796283673986,13246.804095451864,33185.18747425,27622.034873629425
424,17547.314577420737,20396.79485810329,13246.804095451864,30767.74267963,27622.034873629425
427,12918.696583715851,20449.410139689353,11558.138433957854,16885.16535758,9403.205619255596
428,13791.753393704133,20391.547504359496,13246.804095451864,20470.12206633,27622.034873629425
434,13595.793941089774,20449.412999657154,7731.2347219826215,20016.63428483,14326.557134915562
443,10428.596305853143,19931.19610011348,13502.977797831898,13990.99448938,8016.869646065103
446,10428.596305853143,19931.19610011348,10841.5569148779,14805.2584668,14758.926628654268
461,6178.56601758721,19919.05938061882,10841.5569148779,9012.2585692,8149.52236330449
480,4486.483013363644,11098.088195845705,10841.5569148779,11469.36931456,5410.624111375692
484,4486.483013363644,11098.088195845705,10841.5569148779,33492.87004421,5410.624111375692
542,38260.195461916606,23599.170674925786,16188.680462412922,21516.34952558,29032.914008414657
544,38315.28798755347,22013.50446571157,16188.680462412922,21949.30085707,29032.914008414657
545,38315.28798755347,22013.50446571157,16188.680462412922,15815.204582,29032.914008414657
546,56305.15501940914,22153.253230168593,16188.680462412922,13149.67530188,29032.914008414657
550,56305.15501940914,22153.253230168593,16188.680462412922,17117.20930627,29032.914008414657
551,56305.15501940914,22153.253230168593,16188.680462412922,18627.23236413,29032.914008414657
552,56305.15501940914,22153.253230168593,16188.680462412922,17556.40826574,29032.914008414657
555,56305.15501940914,22153.253230168593,16188.680462412922,22562.72735715,29032.914008414657
556,56305.15501940914,22153.253230168593,16188.680462412922,18908.79340181,29032.914008414657
619,18800.61429306114,21323.693425607293,16132.280803904863,11942.20108894,9968.570978731104
66,3988.6415118967607,6949.990774706015,14077.13155768167,17042.02560369,15872.972420753462
109,23401.694447205806,21742.093557977805,16311.477743092786,17312.29235874,12361.040397960036
110,23401.694447205806,21742.093557977805,16311.477743092786,28577.82988744,12361.040397960036
113,27963.41008509886,21730.580212420093,16311.477743092786,19425.30483873,12361.040397960036
114,27865.86061314542,21730.580212420093,16311.477743092786,21271.221427,12361.040397960036
115,39697.9166649924,35756.80852969633,11285.589465415296,34845.62564788,8616.783815264254
189,19260.089175216748,28864.841677987824,19403.417389865997,18056.56131874,16890.943232987316
190,12861.87101073739,21552.428263194255,14748.233410406614,25816.5475138,14731.335270436282
256,16616.05239407745,15988.714691896892,22148.957122844502,23488.33641441,18767.241653476944
257,16616.05239407745,15988.714691896892,22148.957122844502,27816.88875665,18767.241653476944
258,16616.05239407745,15988.714691896892,22148.957122844502,28338.51845976,18767.241653476944
259,29864.258073253004,35775.53419969504,21493.132769125434,16366.7684751,36003.520705619885
263,16616.05239407745,15988.714691896892,22148.957122844502,14605.22707727,20565.783092311365
265,16616.05239407745,15988.714691896892,22148.957122844502,15425.8143095,20565.783092311365
266,29864.258073253004,35775.53419969504,21493.132769125434,14889.15219916,36003.520705619885
321,18877.02486260302,23688.08461882495,17967.638499700508,9373.69166417,12761.957845487503
431,15206.395692732698,25447.913319479565,21509.570994598238,10437.95877501,10649.60138709426
590,1524.697991880233,9706.01922810135,15040.04751729051,22183.15220872,3208.8966919332256
31,13681.48256211417,21719.04941308826,29596.77024107707,26799.54369347,12974.479401001028
34,13681.48256211417,21719.04941308826,29596.77024107707,24369.59021957,14671.990236160873
36,13681.48256211417,21719.04941308826,29596.77024107707,18320.92713764,14671.990236160873
40,13775.883571220118,21741.117453681527,29596.77024107707,22894.40139349,14671.990236160873
44,13775.883571220118,21741.117453681527,29596.77024107707,20944.3980215,14671.990236160873
45,12376.793924534453,21724.19384016867,29596.77024107707,28739.58358582,14671.990236160873
46,12376.793924534453,21724.19384016867,29596.77024107707,33985.31181595,14671.990236160873
48,12376.793924534453,21724.19384016867,29596.77024107707,17934.58466848,14671.990236160873
52,12376.793924534453,21724.19384016867,29596.77024107707,23015.03791931,9716.772717317206
53,12376.793924534453,21724.19384016867,29596.77024107707,19707.00027751,9716.772717317206
54,14103.455314646084,21724.195359946225,29596.77024107707,20972.95401325,9716.772717317206
56,14103.455314646084,21724.195359946225,29596.77024107707,17669.73743712,9716.772717317206
58,14103.455314646084,21724.195359946225,29596.77024107707,20200.08191061,9716.772717317206
60,14103.455314646084,21724.195359946225,29596.77024107707,17268.84127485,9716.772717317206
63,13681.48256211417,21719.04941308826,29596.77024107707,17947.63316518,9716.772717317206
67,24940.536835255658,21730.576098768495,29596.77024107707,18798.20244259,40892.30433125529
74,24940.536835255658,21730.576098768495,29596.77024107707,29791.87813647,40892.30433125529
75,24940.536835255658,21730.576098768495,29596.77024107707,25065.34011014,40892.30433125529
76,24940.536835255658,21730.576098768495,29596.77024107707,21965.8804017,40892.30433125529
78,24940.536835255658,21730.576098768495,29596.77024107707,26339.32656775,40892.30433125529
82,24940.536835255658,21730.576098768495,29596.77024107707,27019.44671332,40892.30433125529
93,41343.95235933114,35756.80852969633,16693.153175401996,35340.06622019,25137.35110050381
94,41343.95235933114,35756.80852969633,16693.153175401996,26042.77306517,25137.35110050381
100,29748.02822006,35756.80852969633,16693.153175401996,10896.11290909,25137.35110050381
104,36808.86036006244,35756.80852969633,16693.153175401996,29798.48176577,25137.35110050381
108,36808.86036006244,35756.80852969633,16693.153175401996,22014.26892537,25137.35110050381
173,31510.41139971504,35463.67147547562,19221.667857303848,12067.12601465,14296.401054810962
187,12861.87101073739,21552.428263194255,11902.24280906239,14907.16874083,14731.335270436282
198,13714.534376608217,21709.201653603828,32988.49668036228,18215.44488297,11023.435184596497
200,13714.534376608217,21709.201653603828,32988.49668036228,14960.57850528,11023.435184596497
204,13714.534376608217,21709.201653603828,32988.49668036228,18549.225848,11023.435184596497
206,13714.534376608217,21709.201653603828,32988.49668036228,24890.09052688,11023.435184596497
208,13714.534376608217,21709.201653603828,32988.49668036228,29694.0964679,11023.435184596497
211,13714.534376608217,21709.201653603828,32988.49668036228,24185.59360523,11023.435184596497
227,9424.839658753406,21709.200110570433,32988.49668036228,31619.16690482,9075.94795137125
248,21176.660104182887,29118.382682840027,22148.957122844502,44491.70808897,20890.28759591404
268,16616.05239407745,15988.714691896892,23116.42184977849,20070.71883987,20565.783092311365
277,16616.05239407745,15988.714691896892,23116.42184977849,26485.37854496,20565.783092311365
283,28450.332485382507,29118.681260480957,23116.42184977849,21653.63553127,20565.783092311365
284,28046.012165504017,29097.09347127319,23116.42184977849,24720.84933319,20565.783092311365
287,28046.012165504017,29097.09347127319,23116.42184977849,28463.96067524,20565.783092311365
294,28046.012165504017,29097.09347127319,23116.42184977849,27082.96555022,20565.783092311365
300,18071.90860694645,23688.082118824554,23116.42184977849,27831.00770545,20565.783092311365
305,18877.02486260302,23688.08461882495,23116.42184977849,15565.00449104,20565.783092311365
315,21143.349201089673,16471.824670369147,14676.175035433924,31207.45114399,15507.01195878819
351,21804.78267995736,21900.078736730975,20474.24983469444,16453.87994247,19820.3001617029
390,29472.024469895012,35772.91210630636,19955.498474906082,13465.67727529,41569.62161530942
402,44771.745855838446,35760.32935903729,19955.498474906082,52868.65915154,41569.62161530942
417,32339.719865904277,35760.32685839405,19955.498474906082,28353.88870569,41569.62161530942
445,45091.36235375514,35794.69652008196,15605.795161237249,31393.70431323,25288.268899827843
468,8476.115907538142,16213.95599644769,23179.115321726993,12822.7131055,9782.913922804391
489,4486.483013363644,11098.088195845705,23179.1175524715,18583.39481625,10352.721291042275
490,5924.0414212552205,19919.05798772127,23179.1175524715,22878.26055077,10352.721291042275
492,5924.0414212552205,19919.05798772127,23179.1175524715,17464.89249371,6272.430088490425
526,3476.9237686561573,11098.085695846548,23179.1175524715,35408.8969672,6272.430088490425
529,4317.505782737757,14178.533924904088,23179.1175524715,25903.01089003,7156.573298443886
541,14524.37905116421,19927.817207701162,15603.800866095264,15268.92606303,7731.288165564649
543,14545.29333859989,18588.83513901248,15603.800866095264,27868.05837398,16676.461848425763
547,14567.81456594517,16325.46699737949,15603.800866095264,16434.41651528,16676.461848425763
548,14567.81456594517,16325.46699737949,15603.800866095264,20106.90742253,16676.461848425763
549,14567.81456594517,16325.46699737949,15603.800866095264,19625.30471853,16676.461848425763
554,14567.81456594517,16325.46699737949,15603.800866095264,19320.32077251,16676.461848425763
588,7777.492292278664,19504.044697573758,15603.800866095264,18201.85030954,8384.684515352978
589,7777.492292278664,19504.044697573758,15603.800866095264,26669.48140574,8384.684515352978
591,7777.492292278664,19504.044697573758,15603.800866095264,22332.03363899,8384.684515352978
595,6920.567634955647,19504.043275037588,15603.800866095264,18923.61049739,8384.684515352978
596,6920.567634955647,19504.043275037588,15603.800866095264,24878.60380102,8384.684515352978
598,6920.567634955647,19504.043275037588,15603.800866095264,22066.59304178,8384.684515352978
605,5479.291869552933,14921.924608271167,15603.800866095264,28669.24942236,8384.684515352978
606,5479.291869552933,14921.924608271167,15603.800866095264,26082.66135452,8384.684515352978
615,5479.291869552933,14921.924608271167,22765.35330054868,20104.27299023,8384.684515352978
616,5479.291869552933,14921.924608271167,22765.35330054868,19436.90517179,8384.684515352978
618,5479.291869552933,14921.924608271167,22765.35330054868,19231.55623832,8384.684515352978
622,3874.5119074981394,12133.487322779209,23179.119174626598,12041.82213845,7546.196096709918
1,13873.08381149251,14357.765962640864,35779.90794971449,9103.37947411,10290.97079992942
3,13873.08381149251,14357.765962640864,35779.90794971449,10393.89000837,10290.97079992942
11,13175.84872535389,13206.379802276148,29634.876929545746,42303.94112236,12974.479401001028
13,15398.478410755677,21719.05093322579,29634.876929545746,41405.07282074,12974.479401001028
14,15398.478410755677,21719.05093322579,29634.876929545746,33054.83201643,12974.479401001028
15,15398.478410755677,21719.05093322579,29634.876929545746,36143.9031497,12974.479401001028
16,15398.478410755677,21719.05093322579,29634.876929545746,28746.6158245,12974.479401001028
19,13681.48256211417,21719.04941308826,29634.876929545746,19096.44870147,12974.479401001028
26,13681.48256211417,21719.04941308826,29634.87994794099,37509.99491397,12974.479401001028
134,14505.558072980875,25495.026394102333,19221.667857303848,50668.14252597,10212.84867605508
149,21153.789603110694,25508.52512438225,19221.67587086725,32721.01108239,15570.358766964877
180,22803.67458684501,29103.439927869174,21196.554179334977,39019.51463234,26687.615599749635
236,38671.96494483878,35756.80852969633,27533.74410412749,30758.72963301,30221.6054424645
308,21143.349201089673,16471.824670369147,18174.81671030263,13852.37780942,15507.01195878819
447,41936.62959722982,35794.69924902269,23179.116943881712,34218.83745694,26079.29760844797
449,41936.62959722982,35794.69924902269,23179.116943881712,51781.47706584,26079.29760844797
450,41936.62959722982,35794.69924902269,23179.116943881712,50734.93103628,26079.29760844797
457,41936.62959722982,35794.69924902269,23104.146722740355,51534.0040818,26079.29760844797
497,15746.853654463293,20403.970686667115,35722.72216473646,19418.88377361,22417.068344232703
501,20669.343983109757,19931.200589896427,35722.72216473646,42328.42434499,22417.068344232703
502,20669.343983109757,19931.200589896427,35722.72216473646,43275.58039377,22417.068344232703
507,20669.343983109757,19931.200589896427,35722.72216473646,47161.20247049,22417.068344232703
512,20669.343983109757,19931.200589896427,35722.72216473646,19749.13700386,22417.068344232703
514,20669.343983109757,19931.200589896427,35722.72216473646,23864.38084285,22417.068344232703
518,20669.343983109757,19931.200589896427,35722.72216473646,27038.17382705,22417.068344232703
520,20669.343983109757,19931.200589896427,35722.72216473646,36760.91300307,22417.068344232703
523,20669.343983109757,19931.200589896427,35722.72216473646,22756.07101765,22417.068344232703
524,20669.343983109757,19931.200589896427,35722.72216473646,33807.64656008,22417.068344232703
525,20669.343983109757,19931.200589896427,35722.72216473646,34965.0296901,22417.068344232703
50,33562.59122597038,35735.81310143367,35733.902028482196,41761.1155308,34148.39327933307
117,39697.9166649924,35756.80852969633,22651.074610574222,56109.08391667,0.0
119,39697.9166649924,35756.80852969633,22651.074610574222,34305.3093119,13476.360586931472
123,34689.27273095905,35775.75328335175,22651.074610574222,49121.09539738,13476.360586931472
124,34689.27273095905,35775.75328335175,22651.074610574222,40611.4959859,13476.360586931472
126,34689.27273095905,35775.75328335175,22651.074610574222,20719.07495976,13476.360586931472
155,12798.609431264573,25286.014389333388,22651.074610574222,33904.54183978,35113.952585831175
212,45852.304761608924,35463.67399614101,35756.09386299778,46074.67309398,24118.34445810906
213,45852.304761608924,35463.67399614101,35756.09386299778,55605.26937728,24118.34445810906
215,45852.304761608924,35463.67399614101,35756.09386299778,45330.26469569,24118.34445810906
216,45852.304761608924,35463.67399614101,35756.09386299778,37269.66818643,24118.34445810906
220,26435.87820947035,35463.66651646739,35756.09386299778,36489.89816074,24118.34445810906
228,19555.691218682558,35463.66403696301,35756.09386299778,45797.1802472,24118.34445810906
369,22392.45143534134,29118.854991384756,29618.65831249298,25272.17787139,1105.463129443945
458,41936.62959722982,35794.69924902269,35607.18855291499,84340.43665426,1191.231106041141
535,17476.995871981795,20435.80359659571,35751.30612333043,60011.98081792,21075.493136579273
537,17476.995871981795,20435.80359659571,28468.462053760086,35686.53419496,21075.493136579273
558,71089.02308026975,26816.706421722873,24067.18983790923,43055.80917644,24313.785956119627
571,62487.87460846539,23233.623949585784,24067.18983790923,47785.83288012,24313.785956119627
572,62487.87460846539,23233.623949585784,24067.18983790923,42727.29598843,24313.785956119627
573,62487.87460846539,23233.623949585784,24067.18983790923,27767.62658275,24313.785956119627
574,62487.87460846539,23233.623949585784,24067.18983790923,24161.39593261,24313.785956119627
579,32933.7226963092,28837.345883330483,24067.18983790923,40834.34618406,24313.785956119627
585,29763.253385613636,28220.13909262931,24067.18983790923,35460.94766156,24313.785956119627
587,20058.00585153757,24917.704664611152,24067.18983790923,17715.7806232,24313.785956119627
608,18417.862780251235,24565.829218403334,24067.18983790923,26791.34192462,24313.785956119627
609,18417.862780251235,24565.829218403334,35113.11662544217,24118.06391812,24313.785956119627
623,17177.5909723018,21323.689406968148,35751.30612333043,24395.25149479,11621.93506671759
624,25598.326360888626,21790.694912242227,35751.30612333043,31648.81904584,11621.93506671759
625,26877.462896489767,20386.09882038279,35751.30612333043,12070.19036711,11621.93506671759
