,simulated_ts,tsdate,tsdate_inferred,relate
859.0,1329.8201720554566,2013.0583349489277,595.0632531597283,1631.8779995851407
1465.0,6254.0141942124255,12367.51163040708,12478.13406630032,3814.257607280872
1666.0,6539.467014722761,9521.629342552034,5250.246413186267,9715.509224636658
2134.0,21959.50249206115,21333.894130703757,22113.43486998563,22425.84124161232
2141.0,6539.467014722761,9521.629342552034,5250.246413186267,9715.509224636658
2840.0,828.5499340778179,1114.7026197181722,2392.400941990085,2265.4692940580767
2952.0,47266.4276043974,56085.10789571213,68764.20265038172,41377.141089253615
3272.0,47266.4276043974,56085.10789571213,68764.20265038172,41377.141089253615
3284.0,146.39328956017957,185.82703145965084,293.9808895176787,350.1792020737382
3806.0,14082.868243197638,19423.961870588846,50284.126556555435,15334.977864477014
4029.0,38750.18663532789,56354.51857233761,68764.20265038172,41377.141089253615
4079.0,18002.943381046876,21436.373720535277,8706.40606061792,22425.84124161232
4088.0,0.0,0.0,0.0,0.0
4577.0,1329.8201720554566,2013.0583349489277,595.0632531597283,1631.8779995851407
5065.0,7771.964779285702,13711.627254819572,11722.145124341088,13354.805379862337
5103.0,13050.322978225962,19441.52440327326,8706.40606061792,22425.84124161232
5245.0,0.0,0.0,0.0,0.0
5486.0,13050.322978225962,19441.52440327326,8706.40606061792,22425.84124161232
5531.0,7771.964779285702,13711.627254819572,11722.145124341088,13354.805379862337
6189.0,1412.1711995083335,2614.1642738251317,1457.3502636267774,1920.171383653032
6239.0,623.7510030457502,581.3792489914985,1609.1674813188831,1781.2316348358515
6362.0,10605.24108364664,16473.637096928353,8706.40606061792,22425.84124161232
6992.0,2114.9406731050503,3785.463218283506,2548.8341035841204,1625.508189551809
7163.0,194.8274790078705,868.7512639007014,2166.7021363607632,371.1682670110687
7357.0,7696.49120274317,13711.624088738512,10439.52215415563,13354.805379862337
7803.0,7145.53138509134,9917.881855746631,5250.246413186267,9715.509224636658
8119.0,12888.397991117408,18647.909703466372,27956.336234426428,5730.412389802325
8261.0,0.0,0.0,0.0,0.0
8299.0,49.094237451311436,154.73476793977534,154.73476793977534,103.4635132585396
9336.0,5492.27299743437,9351.932523736237,5359.769369768641,1582.9538095598368
9429.0,957.6461244186444,1257.4543436979463,2392.400941990085,1942.9438130733479
10800.0,5136.597201278384,7843.197749513037,5250.246413186267,9373.909555569651
11014.0,118.84646397599151,408.46340299749687,676.679716538604,243.7299281237329
11112.0,350.3653801318879,190.29003506085,406.2880637448028,143.31778701856933
11758.0,0.0,0.0,0.0,0.0
12205.0,5266.41918495161,8081.592013628991,8748.382859540512,3889.5715171468437
13009.0,2047.410127130558,4066.9080402016343,2407.2275159682263,1456.639065897932
13478.0,80.6018978740829,160.139980401615,135.1032165919964,256.8948719643894
13510.0,5136.597201278384,7843.197749513037,28545.86480680891,9373.909555569651
13645.0,6067.977754972132,9517.58407995853,2404.1854001864767,1076.2598481779387
13747.0,1304.5043864291085,1748.330424541173,2052.7225958917174,1594.5229207195487
14576.0,52.24830260187351,119.19908801227436,72.28334889600762,160.93354382321917
15996.0,0.0,0.0,0.0,0.0
16399.0,1778.247541232329,1980.9882719303334,2243.56514957566,470.76137235971265
16425.0,362.4614761826774,828.4939501653979,684.0943502868525,536.4483272944376
17210.0,14125.0914325312,19308.231830063505,11800.455886872607,16416.0642874594
17555.0,26228.472194525068,36320.009921292774,34442.091851579986,22817.979941265618
17728.0,598.7127079541938,877.005219450272,1670.4671649761474,1223.280943647043
18220.0,606.2687796825783,791.1756390273018,538.0666374196245,1859.1998659073747
18424.0,3848.01436912664,6536.035535491646,8467.657512700236,2805.011231991772
18852.0,18.645177243070044,68.37895352610983,54.696836416748795,73.42464968115272
19124.0,20138.457651939752,29120.67380103741,13910.581720225244,0.0
20001.0,2197.0131421126516,2851.229488237631,5273.727931286042,557.1317346283553
20212.0,6067.977754972132,9517.58407995853,6571.854482670727,7600.5506974823875
20546.0,0.0,0.0,0.0,0.0
20626.0,2767.5924966053444,5688.747557243972,5366.409115340053,2203.608367519056
20749.0,0.0,0.0,0.0,0.0
21369.0,0.0,0.0,0.0,0.0
21424.0,630.2331472054937,907.1376072331618,248.73611692638286,572.6375870915216
21553.0,890.4172719389302,2063.9184921583233,5999.153442839335,1522.9338528642668
21712.0,14668.609397388118,23479.033247841464,25907.632932096196,20579.62747281884
22017.0,9882.45671327426,14897.7668867438,8413.845944266732,3969.895954732315
22084.0,0.0,0.0,0.0,0.0
23334.0,16638.878756677685,27842.977534856567,36250.909344506545,21858.57166307991
23347.0,1066.117597454673,845.9156743050362,80.65917422419122,628.3012179997744
23526.0,5266.41918495161,8081.592013628991,3961.20326039446,1666.1622970167102
23543.0,6411.453696394279,9706.688491963028,24009.0789874996,6349.355773037135
23729.0,0.0,0.0,0.0,0.0
23786.0,2767.5924966053444,5688.747557243972,5366.409115340053,4650.423058754977
24295.0,1146.815991484269,922.7156936235563,80.65917422419122,628.3012179997744
24597.0,2047.410127130558,4066.9080402016343,8397.938260314906,1815.1597751162294
25315.0,1403.152957916647,2364.879795395517,1435.1884535960962,1517.5791981969178
25591.0,265.65419846612474,483.4530251563562,352.9292665110259,296.9917438414745
25792.0,5488.181808884502,9117.130116446368,6571.854482670727,4650.423058754977
26033.0,0.0,0.0,0.0,0.0
26130.0,810.341189332485,837.5305018808771,1941.7611386800531,369.5135531695691
26137.0,145.22051095091786,137.94604091606809,209.1714055626629,134.5313070169914
26649.0,2767.5924966053444,5688.747557243972,4846.0080157998655,4650.423058754977
26957.0,0.0,0.0,0.0,0.0
27351.0,9884.654813083494,16921.625402535665,27956.316234426427,20579.62747281884
27357.0,273.1149419552184,326.43026451219555,476.4334474540846,0.0
27483.0,5592.949751789213,10011.878635708501,11951.90020775602,2528.2053769423082
28045.0,145.22051095091786,137.94604091606809,209.1714055626629,134.5313070169914
28602.0,0.0,0.0,0.0,0.0
29278.0,0.0,0.0,0.0,0.0
29648.0,968.0950350740661,1456.2919639347745,525.515800368498,329.2933657257613
29695.0,615.5006310787004,1063.7528447404352,574.089846794562,389.442100899479
30137.0,0.0,0.0,0.0,0.0
30535.0,466.89115330382896,678.6945036570655,568.335167231547,684.3894050319599
30623.0,1476.0950237198997,895.2010611209757,80.65917422419122,628.3012179997744
30625.0,6604.703296619795,7388.071480158997,5820.339339873041,2161.2509251819884
30724.0,20697.794365061458,30060.643952406033,25887.484097682383,21858.57166307991
30755.0,173.04737367021139,715.2082719262679,1663.8406223982176,201.41781573882682
32204.0,36814.64527785624,37577.56887330838,47985.82197237118,16507.16928034604
32426.0,0.0,0.0,0.0,0.0
32512.0,9710.502191720585,12016.090439186177,12214.346027150152,10195.003427660042
33214.0,0.0,0.0,0.0,0.0
33357.0,166.4992057932913,275.9496050640009,305.8522365354848,451.72714378261577
33674.0,21913.780294497912,25245.55216519772,17569.071387446438,4334.44555467017
33922.0,47.13852272130231,55.35530676645491,73.99604611575187,42.06388589158163
34516.0,2366.203765556577,3842.4977296797006,5999.133442839336,1024.6879484994445
35127.0,5771.195792854464,9041.149382192756,14941.082540097157,9327.064421456516
35910.0,265.65419846612474,483.4530251563562,352.9292665110259,379.38317349613703
36202.0,11770.289647125504,16728.78036994771,18736.593940984338,12379.618907704713
36520.0,5771.195792854464,9041.149382192756,14941.082540097157,9327.064421456516
36793.0,1073.3272719619067,2141.210159082949,1600.308774965054,1139.6030285674042
37213.0,30036.188928485917,29943.206305150732,20269.812332864865,12996.900686702196
38056.0,18401.328223602253,21668.806647517056,22904.3990442868,7298.538870554846
39984.0,1890.8370673752086,3100.322238887292,3484.412894022453,694.92789928884
40709.0,262.950044304402,718.5420924086513,1067.8501740903357,643.6590057880026
41408.0,615.6499647079471,814.6461014245461,333.00146063637965,487.46433131563583
41710.0,14397.318191311837,23032.18015052978,20668.314961923097,7298.538870554846
41928.0,0.0,0.0,0.0,0.0
42046.0,0.0,0.0,0.0,0.0
42369.0,1730.0651474768538,2341.9798756076048,3141.3126407774166,1725.172829081191
42826.0,0.0,0.0,0.0,0.0
43616.0,0.0,0.0,0.0,0.0
45629.0,5538.121805602827,8728.793560093902,2325.2504551047027,2404.349834362712
45876.0,15819.036500393098,26122.71279269097,17662.302710876236,9558.403156280865
45919.0,5622.612555820386,10476.306680608091,5097.171660044285,2597.9279006161814
45951.0,5412.7539344864335,8008.287250454614,11800.475886872608,2998.356241743132
46393.0,5488.181808884502,9117.130116446368,13589.08485220877,4572.4447782340685
47006.0,160.4980343522458,434.71804770584583,376.41197976625836,292.9969838769676
47047.0,118.84646397599151,408.46340299749687,676.679716538604,306.6761832291513
47185.0,12902.414033713574,21310.702916000115,42751.75777515617,12811.083602490464
47796.0,24008.909429401647,32112.093926949427,47974.14697449912,19482.765425370188
47902.0,117.29227987872265,181.84198259913185,180.73494963091295,189.50422739348056
48195.0,951.4198480933061,1609.211698767789,3151.487393127908,606.5309922831644
48505.0,14397.318191311837,23032.18015052978,31918.075072494004,12811.083602490464
49330.0,0.0,0.0,0.0,0.0
49715.0,628.4797993737792,855.739442705402,333.00146063637965,589.6981948081577
50085.0,7021.14299460093,9446.360713851205,10198.002829458772,1969.9332308684982
50208.0,0.0,0.0,0.0,0.0
50811.0,870.8503257902748,1128.5720181597028,1419.6148813663408,693.5984497820046
52022.0,0.0,0.0,0.0,0.0
52088.0,416.30791848785185,891.3880762063219,777.9254449464936,0.0
53031.0,2734.4297828924296,4562.556273059765,3141.3126407774166,1969.9332308684982
53065.0,3511.7707513754076,5812.365188222848,13488.243719854278,2998.356241743132
53510.0,255.01883581420378,304.786244712292,118.98491710113824,221.6845240335915
54259.0,0.0,0.0,0.0,0.0
54330.0,788.0780573645214,1951.9736798535785,5275.787685452123,347.0080391431876
54914.0,655.7535490104693,957.9506460330396,393.04420973306657,693.5984497820046
54934.0,9094.217525151627,16634.10593123736,7737.326914093823,1677.833924439484
54976.0,1344.0655300259768,2515.5016925417162,2993.6859817199247,996.8830208404595
55094.0,21901.773793107346,30148.255875781957,13473.780398413184,9762.005593114563
55141.0,0.0,0.0,0.0,0.0
55613.0,199.03008341793102,276.02893290101684,216.90710869684608,148.2920022118523
55806.0,2734.4297828924296,4562.556273059765,3141.3126407774166,2814.14410451917
56018.0,0.0,0.0,0.0,0.0
56119.0,2734.4297828924296,4562.556273059765,3141.3126407774166,2814.14410451917
56306.0,0.0,0.0,0.0,0.0
56551.0,9598.821501092561,15297.82928900101,13910.573128266877,8600.035197253555
56611.0,9094.217525151627,16634.10593123736,7737.326914093823,8637.904324082318
57952.0,183.67396854010917,447.19028725726105,181.01820424520713,219.68719259893146
58545.0,6016.370407543926,10216.399353982883,8629.16573923607,5435.418180968232
59699.0,15721.123020804127,23278.38582442895,16782.602316326465,11264.439042224873
60216.0,15721.123020804127,23278.38582442895,16782.602316326465,11264.439042224873
60221.0,9094.217525151627,16634.10593123736,15717.5165818241,9117.188825619442
60772.0,1344.0655300259768,2515.5016925417162,2993.6859817199247,712.826058081493
60905.0,8911.910926158549,13576.463165759966,16461.60687806345,16565.546835284367
60908.0,18.27449250787696,71.77152626708296,31.442397124819994,59.213487049826746
61131.0,6016.370407543926,10216.399353982883,5195.892485051796,4202.04005425936
61296.0,11076.353054263283,15108.16495740045,16962.024037801624,16565.546835284367
61715.0,9094.217525151627,16634.10593123736,11041.92902735336,9117.188825619442
62259.0,9094.217525151627,16634.10593123736,11041.92902735336,9117.188825619442
62284.0,2734.4297828924296,4562.556273059765,3141.3126407774166,3222.320562389782
62923.0,13760.2230320766,18517.27539886184,18580.414488769573,12363.925540134898
62980.0,0.0,0.0,0.0,0.0
62987.0,410.4554165135227,695.504380719462,864.439857999043,247.0827653196394
63371.0,9094.217525151627,16634.10593123736,16190.189085747834,6914.2303277371375
63958.0,0.0,0.0,0.0,0.0
64191.0,1242.4178106808063,1879.6767185204037,1613.124105593192,582.8395448577593
64313.0,410.4554165135227,695.504380719462,864.439857999043,244.48003872504603
64327.0,0.0,0.0,0.0,0.0
65157.0,3709.054593026955,6435.743542617054,6109.318267832507,2757.135723318676
65432.0,538.803090312676,963.0234188548637,206.48710833286697,360.5776107081525
66103.0,15584.358845470482,23048.458791347897,19366.137837381284,7653.258421352307
66649.0,139.22059637237666,126.67048124688704,74.72620444454411,296.45439442180646
66976.0,0.0,0.0,0.0,0.0
67483.0,1858.2390174429713,3255.440105081816,2798.679871899854,963.4507083136117
67727.0,0.0,0.0,0.0,0.0
69979.0,237.0523584460822,598.3605073600924,1329.4000998279419,950.9708847067822
70163.0,1988.9635424190158,3486.445713186518,2798.679871899854,963.4507083136117
70819.0,21037.961946545332,26938.243108166556,35273.996577307415,10216.133693477195
70823.0,1688.1569711675538,1831.246805232186,1534.1528331894722,1989.6080506371097
70831.0,15297.073376674856,20885.141821784116,35106.90883797047,9181.37439074347
71327.0,2345.7590837684174,4399.924904747278,3597.2374270066716,2799.5258544617873
71658.0,50.905171198195184,61.41117556043726,151.56725703404078,0.0
71697.0,332.5786825814749,618.0640432594886,293.4581738631832,138.41020984884025
71715.0,0.0,0.0,0.0,0.0
72454.0,232.4166066526899,446.79220340702585,588.6640249448451,453.4880057851585
72581.0,17656.197445830458,22328.233095218326,42432.49105594142,9441.82407398062
72655.0,849.619439446037,1762.7794365701184,2066.454283240146,720.174428219303
72701.0,2345.7590837684174,4399.924904747278,3597.2374270066716,2021.6543254226226
73215.0,5648.329090695297,9372.438978378197,2786.5567157111736,2206.3881098075194
73784.0,7015.730481076237,11164.904029837904,9533.57227188291,1748.7188843264657
74233.0,669.395322512099,2071.322223284662,1389.2207225426018,419.2515327938587
74303.0,1688.1569711675538,1831.246805232186,1534.1528331894722,2269.796602341276
74445.0,1295.5735470724712,2092.851833164743,3180.9987992727697,943.488634043887
75198.0,17656.197445830458,22328.233095218326,21415.197616511392,7583.797103034864
75250.0,2675.332722198615,5110.5912149370015,12968.206581272585,2441.255834606443
75546.0,0.0,0.0,0.0,0.0
76406.0,1471.5147739808576,2646.0859098127935,1836.1129768555425,847.6778738766277
76706.0,17656.197445830458,22328.233095218326,21415.197616511392,7583.797103034864
76979.0,0.0,0.0,16190.209085747834,0.0
78596.0,0.0,0.0,0.0,0.0
78850.0,4744.423732981292,8889.77504506516,2786.5567157111736,6871.184212346515
79258.0,1988.9635424190158,3486.445713186518,5934.556761737788,1221.0013317928856
79593.0,1344.0655300259768,2515.5016925417162,4470.765573698433,1116.6848321885634
79813.0,354.9017447634263,818.5876298866157,233.45389145818393,593.1298581255204
80472.0,239.12487667650473,358.63241519902084,305.8522365354848,353.35733290820497
80617.0,5855.236486034514,10895.886250996327,9200.357673633054,3021.5978388925287
80644.0,3039.832489252761,5145.985723071383,956.9796405851098,2073.7638538416086
80758.0,3783.0315827486415,7335.818863585947,2786.5567157111736,6871.184212346515
81306.0,363.7059690048194,679.3834466600559,569.4259858270262,665.9298063910339
81635.0,149.69010041953646,245.85984338569355,238.46734058603218,201.20634629156206
82740.0,0.0,0.0,0.0,0.0
83325.0,9066.43928857756,14161.354306607409,2786.5567157111736,6871.184212346515
83523.0,5855.236486034514,10895.886250996327,14009.404483128494,9986.876260573172
83736.0,473.7376995261312,893.5270709247244,1368.5622488714494,648.620415947571
83915.0,9066.43928857756,14161.354306607409,2786.5567157111736,10491.786718381192
84691.0,0.0,0.0,0.0,0.0
84769.0,1288.5085506554733,1594.4156154607367,361.99342136944995,468.8915495005215
84978.0,75.65777158683855,244.55105885094827,227.69783855095065,448.9919367650159
85020.0,10553.794062131044,12120.44507376164,2786.5567157111736,10491.786718381192
85224.0,2124.580043165707,3093.3241375320695,2425.321478361354,2023.7930323528637
85467.0,7805.319675863461,10654.298699939334,7740.03613136987,3962.9903704147455
86276.0,5077.054365001633,9638.486664873712,11566.490476514758,6835.24422914061
86430.0,36701.65451814269,41883.903730126745,76125.94706956558,25081.112179486776
86901.0,975.0683664115393,1968.731480462953,1105.3424883825114,2912.447282269672
87615.0,1288.5085506554733,1594.4156154607367,1272.6204791091695,1674.8911696405828
87718.0,2124.580043165707,3093.3241375320695,2425.321478361354,2023.7930323528637
87994.0,12253.522357408187,12713.064884212257,2786.5567157111736,10491.786718381192
88190.0,363.7059690048194,679.3834466600559,905.1813665000794,811.3769739769548
88571.0,6587.512546802568,10191.96864426692,3803.848545820135,4101.229999402618
88624.0,354.9017447634263,818.5876298866157,233.45389145818393,658.2256477379167
90020.0,17293.883100691826,22044.605247274943,38396.18878896017,9130.748661473493
90625.0,2928.4756444226423,3768.1743154960955,738.6584295304326,1808.5862840848927
90690.0,8.33398236428071,41.60219821368294,50.476576040202346,28.58658414431497
90976.0,40382.336920603215,31426.32928279527,38396.18878896017,9130.748661473493
91132.0,69.24438742322914,144.74233902273758,221.12850401448543,56.4600338354486
92212.0,718.7386634532144,1033.1336298163008,125.64649168153863,261.6092937760431
92456.0,523.3736461017479,861.401984167815,560.4979017746332,504.40648052934455
92513.0,15046.363754705613,20486.186440377667,23496.484221868624,11020.48316209412
94413.0,3648.410851173932,6848.804603946564,4393.628992995848,2327.1890678240993
94813.0,499.3967714441454,832.0712988157296,404.2146245733593,385.1093999527926
95472.0,5395.522400758621,9820.061907961697,4629.826660044163,636.0515962325698
95550.0,12743.826790961444,19827.791787667447,7768.021834606466,8676.63684073501
96027.0,0.0,0.0,0.0,0.0
96691.0,1241.629636221854,1644.1756717728167,365.9593809104139,1868.362993213578
96944.0,16332.805940876748,23300.735041911747,27565.433656968144,16408.802324362372
96957.0,3648.410851173932,6848.804603946564,4393.648992995848,2403.362797893818
97173.0,3935.0362551966496,5354.960839095402,7047.716347424118,6908.997316543117
97225.0,4210.043823217143,6871.603160693988,4732.713630424715,1903.6800584657076
99116.0,0.0,0.0,0.0,0.0
99120.0,1564.1564972513418,3028.6001993330747,1432.1310707088232,555.8290771487221
99135.0,1961.2173444313567,2958.3683656529433,4026.193945197294,1772.981564624968
99453.0,265.5603895181236,577.1324764573787,305.8522365354848,617.2354180537601
99823.0,4516.770822300375,7381.456905095832,9331.425072789067,6882.817269403568
100544.0,90.45202392086648,126.54548145204691,111.19737155898055,115.90466682752684
101030.0,27.87984629842484,117.9545171600563,133.63401652965177,65.11140211053667
101563.0,3679.1949307372906,7513.200113415175,3528.064081721735,2221.4729139469605
102244.0,501.57553479688175,724.6694889465178,340.47974201366094,577.720040261717
102419.0,3648.410851173932,6848.804603946564,4748.848780474022,5757.316605502949
102647.0,5395.522400758621,9820.061907961697,4396.3760023080395,3038.8022317683
103415.0,6.4978178180291915,65.99335871426048,84.41343596276043,100.62452722870303
103678.0,3679.1949307372906,7513.200113415175,3528.064081721735,1195.2392898244268
103679.0,298.69919819815505,635.4332535761235,219.02173336407017,345.15600912920524
104108.0,110.9571652451644,126.39489068316456,91.06529949501574,52.154445702260126
105439.0,56.70121526177056,91.79416651446076,89.02649837415255,80.94114639662574
105914.0,4210.043823217143,6871.603160693988,4732.693630424716,3745.4411649897797
106260.0,3648.410851173932,6848.804603946564,4748.848780474022,3430.431038003825
106873.0,1027.279928957663,1216.018029601796,1272.6204791091695,2099.5448043802257
106998.0,3923.946245744167,7282.443532565207,10826.629040050442,3940.165858615599
108047.0,0.0,0.0,0.0,0.0
108251.0,5566.3331682098315,10096.200878376945,6461.748395620665,3446.415091627821
108688.0,250.5581310443591,698.7736781428858,463.6074486380246,324.6688834951696
108758.0,725.6177376810415,1066.5856560320265,888.0876610503028,788.5272736437212
108865.0,5566.3331682098315,10096.200878376945,6461.748395620665,3446.415091627821
110767.0,8154.8812607930995,12484.484255298452,8508.070453897499,6967.997584385345
110770.0,56.70121526177056,91.79416651446076,89.02649837415255,101.58210191515037
110933.0,0.0,0.0,0.0,0.0
111046.0,1285.506133189562,1802.7227181710048,706.0183460481004,543.1389537908325
111286.0,425.98103974452465,877.2584885550249,1181.1459270338864,1032.3757781108584
111601.0,200.35124074490392,338.9430090128894,293.4581738631832,448.46385489802856
112221.0,5223.796872369773,6798.524570378355,6340.465025828679,3913.5130925550766
112676.0,13070.234624095094,19943.878477867762,5352.401063234069,3412.211836800289
113200.0,913.3617774834971,1067.6992966562007,811.5523619235038,423.04258734789335
113473.0,0.0,0.0,0.0,0.0
114076.0,913.3617774834971,1067.6992966562007,811.5523619235038,423.04258734789335
114175.0,2986.518393207997,4622.319355744123,4745.56668055039,5549.847931430194
114253.0,10686.34951000219,18268.84424084237,5352.401063234069,1927.5544042905767
114550.0,16704.596427504322,20974.350995314457,11582.406221322392,7038.615402904182
114848.0,137.94548715303145,385.6121902200308,147.01161496862,290.7993991156103
115214.0,164.5460782069668,361.8200512932407,233.45389145818393,160.02677357242445
115528.0,0.0,0.0,0.0,0.0
115603.0,183.13573756873308,299.12600539069496,631.1955757830538,230.53713998616362
116151.0,0.0,0.0,0.0,0.0
116378.0,60.0314478139414,69.44791371412244,63.23827312128261,60.245743524335396
116622.0,52.24830260187351,119.19908801227436,72.28334889600762,162.0615042908093
116672.0,0.0,0.0,0.0,0.0
116686.0,13631.145255978028,22739.305049356564,21028.700400601116,16714.82391052924
117073.0,0.0,0.0,0.0,0.0
117211.0,1329.4813765756442,2027.1491254210882,638.8072650818424,341.1766510401906
117746.0,15360.224152623654,27525.768726271555,40289.82011700697,16714.82391052924
118415.0,660.37608827647,1240.5514547714802,1606.9100901032382,840.4230765513284
119191.0,0.0,0.0,0.0,0.0
119337.0,4494.982805360738,8167.720115379534,4502.293959418975,3621.931525443296
121469.0,14988.492125047049,15973.222593353417,13132.570884158778,7038.615402904182
121614.0,34279.863378968475,43473.29943370825,43980.01572138204,20763.697992891342
122680.0,34279.863378968475,43473.29943370825,52960.23055142152,28858.002256739812
122925.0,34279.863378968475,43473.29943370825,52960.23055142152,28858.002256739812
122958.0,22043.756231082305,34597.47578159327,17422.65139305386,28653.510038911463
122978.0,34279.863378968475,43473.29943370825,52960.23055142152,28858.002256739812
123037.0,22043.756231082305,34597.47578159327,17422.65139305386,28653.510038911463
123576.0,22043.756231082305,34597.47578159327,20737.945956439802,28653.510038911463
123787.0,0.0,0.0,0.0,0.0
123798.0,307.8662175509151,461.4112669773794,333.00146063637965,435.48479741892254
124006.0,5865.051576488936,5434.608541570832,5999.133442839336,3558.148655621347
124077.0,8094.63623955794,11619.553527625716,6347.751877609893,5223.890415341807
124085.0,22043.756231082305,34597.47578159327,20737.945956439802,28653.510038911463
124189.0,6752.453641485485,8790.35816289708,12306.49917348892,8463.92949415341
124302.0,6427.526811669955,6671.135734228363,5999.133442839336,3558.148655621347
124455.0,0.0,0.0,0.0,0.0
124771.0,490.6478567039481,888.1953216112621,2762.719901677568,885.0035269251756
124980.0,41798.109871106,42727.353895197375,52431.492410157975,28858.002256739812
125517.0,462.0489218810123,735.2326307880504,439.3096107722882,1001.2713860787194
125815.0,7426.4774221442,8157.268124519851,8117.191742422034,6378.2814058333925
125993.0,30874.070798787197,40862.824833015664,51718.861330080574,30163.649057764876
126470.0,15061.406636454925,19906.83705317005,18922.771237044584,5832.868536080682
126672.0,19853.652362196815,32519.974580801103,20737.9659564398,26640.51064375456
127749.0,41798.109871106,42727.353895197375,48744.40798680925,30163.649057764876
128133.0,26878.384395310895,34003.82788646694,20738.005956439796,26640.51064375456
128407.0,41798.109871106,42727.353895197375,50946.18740992744,30163.649057764876
128976.0,41914.78405894069,41133.87783586992,50946.18740992744,30163.649057764876
129266.0,41914.78405894069,41133.87783586992,50946.18740992744,30163.649057764876
129285.0,18093.35060512651,21998.64913247334,17467.258548514175,10065.327126129581
129821.0,0.0,0.0,0.0,0.0
131112.0,3448.22758781371,6704.904145884328,3877.31270356945,4262.014961564541
131356.0,207.55045165151793,302.6372881122111,71.64428876223263,281.6600869487901
131373.0,0.0,0.0,0.0,0.0
131665.0,304.2762192798175,737.6408766130904,676.9247693928469,272.4583062598753
132665.0,2708.196739633719,4758.99484666491,3333.580410400018,6148.961627787248
132807.0,21043.352737996334,30447.231480596733,10403.114047885194,12033.438140448474
132942.0,2109.1402811256535,3827.0322610655644,3224.5788328095177,2158.5571891219374
133251.0,1344.6464309243147,1248.4707464560906,1060.956314548689,868.7946590996056
134291.0,38522.19223237321,34414.24012017416,24765.606764557608,8193.287337815023
134536.0,2823.801557087057,6038.770415596147,6960.0356646711025,4127.269494665935
135001.0,38522.19223237321,34414.24012017416,22639.00536118473,8193.287337815023
135240.0,169.92032848618192,472.2067312265372,462.3839097376186,519.1171187198511
135333.0,2028.0823887193685,3119.5220412953163,3224.5788328095177,2071.771701998075
135398.0,307.8662175509151,461.4112669773794,333.00146063637965,475.4533355903605
135620.0,4391.070256698167,5917.049393643631,4101.631372875716,3646.392985184126
135634.0,155.32705464487515,262.6328766226703,201.75678916016753,451.45768133901544
136011.0,22005.809592276175,26496.659865063084,22639.00536118473,8193.287337815023
136758.0,14211.770045540838,20640.7733535705,9299.351278565293,9118.194510976391
137170.0,0.0,0.0,0.0,0.0
137381.0,0.0,0.0,0.0,0.0
137433.0,725.6177376810415,1066.5856560320265,888.0876610503028,396.96955808978595
137532.0,22005.809592276175,26496.659865063084,19244.57643740292,8193.287337815023
138533.0,9234.826040442287,13329.852851916012,12127.41256512491,3821.4931364585755
138897.0,444.2799286932637,676.8311008540837,1108.7872149139212,667.1543370915009
139744.0,87.91389221123185,265.00310821903014,224.53383285358308,119.91312066492141
139857.0,445.95477490658044,608.1139485797088,393.04420973306657,721.4923475131251
139915.0,184.09501552423876,567.0058268086402,413.174001364813,413.44060679376906
140274.0,8094.63623955794,11619.553527625716,13132.590884158779,2004.7803031753879
141190.0,8094.63623955794,11619.553527625716,13827.356280622535,2004.7803031753879
141331.0,14211.770045540838,20640.7733535705,9299.351278565293,7746.940996290084
142142.0,0.0,0.0,0.0,0.0
142185.0,0.0,0.0,0.0,0.0
142706.0,137.18412553788508,354.0459461536198,112.31376652475777,160.7239629986767
143326.0,661.2130772802135,1522.598799666905,1637.6214237292818,1952.6978863101174
143978.0,339.66183653247174,790.7816742158552,773.831983225859,955.7966717456177
144015.0,26.42262001041706,53.76107382180182,49.088650137667976,0.0
144877.0,137.87617138912995,485.17136990051523,527.069024766592,532.5015434531622
145135.0,90.45202392086648,126.54548145204691,111.19737155898055,100.44535294975074
145329.0,0.0,0.0,0.0,0.0
145986.0,3448.22758781371,6704.904145884328,4732.673630424715,3050.076675675548
146098.0,23374.595920161362,26946.66464021785,32848.538063193024,18435.770576789026
146670.0,35942.517795034444,33036.18982133067,32848.538063193024,18435.770576789026
147225.0,124.11921895685717,330.7002287745553,733.7785266922431,190.83390498546112
147253.0,35942.517795034444,33036.18982133067,17048.980574323625,21201.300450679908
147445.0,0.0,0.0,0.0,0.0
147518.0,1003.2717533487963,1723.6144827008,642.1476875835787,1014.2792406433251
147522.0,27378.4594475718,31480.19463017096,42432.471055941416,21567.396889750045
148021.0,0.0,0.0,0.0,0.0
148412.0,14211.770045540838,20640.7733535705,42432.471055941416,21567.396889750045
149097.0,155.32705464487515,262.6328766226703,201.75678916016753,531.0214949133416
149478.0,19309.626333244825,37889.192213321105,16294.652005942935,7372.975119990573
150289.0,3848.5641819232933,8107.645006850547,5620.259628977533,3263.3313264975104
150514.0,7168.260509979068,12436.308637317898,16733.84562350165,9731.614463695116
151552.0,0.0,0.0,0.0,0.0
151554.0,444.2799286932637,676.8311008540837,1108.7872149139212,588.3884791870079
152005.0,7096.695876175141,11386.784777475208,20737.985956439796,6709.839747460442
152344.0,3999.684413940171,6074.328413708491,6677.179280026842,3479.925053532044
152363.0,688.9979173053036,1492.0411732629434,890.0258529732794,1048.0294686696552
152600.0,2825.2051622422887,5963.304669138689,3877.31270356945,3118.02919991138
153065.0,0.0,0.0,0.0,0.0
153925.0,0.0,0.0,0.0,0.0
154041.0,205.64613939391606,492.8397001804319,319.8023213833229,558.9046348707443
155415.0,725.6177376810415,1066.5856560320265,888.0876610503028,240.48842120983704
155824.0,773.649421090115,1486.199581781189,2094.2508898023307,898.1122395558364
155978.0,1945.435221779477,2348.4414342792943,2536.4276344611485,1141.9127983344438
156232.0,6738.199609287572,10514.67102875812,9669.438088700861,6629.316056728628
156640.0,73.75408499028703,160.34408304755803,227.69783855095065,330.38269067855236
157096.0,6738.199609287572,10514.67102875812,9669.438088700861,6629.316056728628
157365.0,821.7800744397812,1684.77276200956,1667.995550373815,1004.5003429566364
158088.0,2559.673775240532,4986.508605343971,4172.367397104074,2462.0107853947347
158353.0,34.97278941792587,119.03526714598317,119.91606075884289,118.60597055502728
158785.0,10545.749672456079,20223.042033304206,24614.330660851567,6910.472273224168
159151.0,742.395104011557,1067.3942882493802,1148.824713219082,1204.3646410825918
159593.0,2343.637827811422,4310.311509665302,7867.515515768418,1548.5971610460867
159971.0,3319.405477125041,5806.088647740541,4688.455117498521,6221.710303766964
160056.0,2559.673775240532,4986.508605343971,4172.367397104074,2462.0107853947347
160074.0,922.2455379214913,1840.5008456902876,3121.967355650995,2002.1937536612184
161032.0,896.125922345513,1178.282104372603,1790.6302621674306,597.8439976850149
161503.0,3319.405477125041,5806.088647740541,4688.455117498521,6221.710303766964
161994.0,6738.199609287572,10514.67102875812,10420.504222127374,12721.918574177402
162873.0,6271.954807443925,10984.207489281665,6489.823267052537,6618.858534520888
163221.0,0.0,0.0,0.0,0.0
163604.0,0.0,0.0,0.0,0.0
163656.0,0.0,0.0,0.0,0.0
163718.0,3400.309703263787,6435.933632127359,1265.1938940766238,607.2701665239287
163852.0,8079.362453884811,12481.980962727208,28329.445694905473,10365.522230934628
164189.0,1080.2125096788982,1214.2280593573169,352.079869070668,1328.3148899677365
165185.0,0.0,0.0,0.0,0.0
165401.0,11831.360929691988,22797.77759419573,43262.27731373717,15735.506486923134
166844.0,742.395104011557,1067.3942882493802,1148.824713219082,1014.058523695748
167469.0,7009.464598968391,12557.576978014922,12144.042086774693,4472.935756580906
167758.0,6652.425690900352,10984.214790348016,6489.823267052537,4273.699656854702
168072.0,144.9381202143838,372.54306401166394,280.82564276040983,260.30324925939743
168144.0,528.2349293241961,948.7615573808346,640.9915636418583,517.8907804334809
168355.0,124.11921895685717,330.7002287745553,733.7785266922431,215.8759261659345
169525.0,138.9785499381836,132.7294723292409,104.29187150157479,128.746972605184
169815.0,1097.2874285379253,2337.8624231841673,2094.270889802331,1221.9483435235713
170148.0,1837.683789066164,2235.7290356758363,5999.113442839336,2185.739104399242
170442.0,133.38996444590262,121.71380532974769,96.95684747057,279.46461046078804
170444.0,0.0,0.0,0.0,0.0
170871.0,519.4417171482314,979.525247576009,905.1813665000794,435.2688030677136
171023.0,320.4300053338816,713.1573741587918,735.6233210014512,654.2884442812665
171071.0,882.2073707178071,1630.5635851495601,2474.6319820061763,402.62340202477054
171084.0,3791.750419346818,3728.3619264990184,6114.824692647866,5194.61254325094
172227.0,5478.4335550649075,9651.772607862846,15353.529625932239,6199.121916828221
172688.0,6652.425690900352,10984.214790348016,11648.321517852131,10967.690167897706
172805.0,57.26318262928431,74.9519105124553,86.57087391531164,60.571509500754566
173464.0,0.0,0.0,0.0,0.0
173716.0,5478.4335550649075,9651.772607862846,15353.529625932239,6199.121916828221
174002.0,0.0,0.0,0.0,0.0
174221.0,124.11921895685717,330.7002287745553,733.7785266922431,215.8759261659345
174506.0,3616.6271021765124,6530.451001753221,14898.728854875702,7323.356836349026
174533.0,936.1685063135739,1498.0481467349216,642.1476875835787,605.1667187973906
175184.0,2255.6253758417124,2569.8989586081225,4069.277346931004,1530.20438256463
176246.0,16.14452058504832,41.60219821368294,41.60219821368294,39.59051288377053
176330.0,833.7006170681645,1503.9726414043114,1140.2946538653491,645.7877993814997
177662.0,377.1168767146433,733.8151776787533,735.6233210014512,654.2884442812665
178392.0,19223.835707288243,32147.911103279475,32676.713467849015,8328.980496081138
178705.0,0.0,0.0,0.0,0.0
180556.0,385.0669930224609,628.4094128647442,535.1221284907264,346.92214965320386
181122.0,1716.579307912561,2621.7692937773195,4338.478707288586,1888.4691785252944
181295.0,6185.621512901167,11927.591667258359,15246.558288379385,5298.7007047388515
181589.0,1314.021590734777,1598.8724800918071,1658.4891231021973,917.666460921396
181726.0,55073.35784105833,54381.73116830527,44696.59538254563,22740.772061431864
181841.0,16056.686548404761,25634.462708536652,3348.4434463241687,7230.673703051466
182522.0,39459.706582415274,41074.468669783004,75073.96713628774,18393.795392468626
182549.0,1114.4609648803694,1811.3453904694036,638.8072650818424,1403.6377459800658
183391.0,112.78654758617954,167.21946817791232,249.79923502801296,173.0674030590394
183533.0,0.0,0.0,0.0,0.0
183907.0,14.784654317880948,52.5777554149977,44.49957641060119,58.31354456813614
184344.0,3011.159882051195,5318.8609294498265,3633.2460455558407,2295.6762442469976
184575.0,1142.2707484676725,2092.8393517331037,697.9943230175925,754.4295413622136
184624.0,1125.0112429397645,1815.954522781084,1539.1928626175006,689.9094032110303
184730.0,154.3784258355699,58.720547499236105,186.91974561508894,144.06200667212713
184780.0,264.02835104684897,372.4835922093164,333.03581280136456,203.9642876682092
184950.0,164.5460782069668,361.8200512932407,539.8970710492815,206.95068315905604
185138.0,0.0,0.0,0.0,0.0
185843.0,6738.321360539489,11414.848954360097,20738.005956439796,4436.900757307965
186158.0,26433.88153860906,38578.01456270037,70519.48832300559,18393.795392468626
187032.0,14745.509306868275,27125.548223615453,42694.03682882294,13445.472050842991
187100.0,0.0,0.0,0.0,0.0
187256.0,25762.649982645544,29465.90936365696,7671.300581884326,4085.1027566023354
187572.0,6185.621512901167,11927.591667258359,13132.61088415878,3497.8052625039036
188680.0,21580.613790585016,27335.984748379753,9819.868276725407,2626.0782693781234
189492.0,199.03008341793102,276.02893290101684,216.90710869684608,122.41329728015661
190758.0,304.55056871010123,659.6230156067526,581.1953564330405,807.9880375352101
191159.0,331.4053892832218,737.6453763147387,676.9247693928469,633.1366502264736
191168.0,26486.148752765675,36332.89090608593,28202.0127508162,15491.110140658093
191186.0,5063.286543928403,6469.947279828456,1856.1672499980705,2140.2895984258766
191355.0,73.71005929145205,295.8427159764414,182.9799845039538,103.95402106171747
191431.0,35287.24966733235,47273.59127990995,57033.965634054264,24544.856644519234
191507.0,35287.24966733235,47273.59127990995,57033.965634054264,24544.856644519234
192024.0,33080.65537657484,42028.005057699105,57033.965634054264,24544.856644519234
192307.0,0.0,0.0,0.0,0.0
192841.0,13542.3605071463,21249.861941291158,24512.376026668975,11629.551143014936
192957.0,0.0,0.0,0.0,0.0
192988.0,0.0,0.0,0.0,0.0
193446.0,6738.321360539489,11414.848954360097,14731.033310167493,5246.200132248102
193772.0,23028.77922291457,31397.341206475296,14719.640720870579,15491.110140658093
194090.0,47.42017240723859,174.6397860564002,64.78897445333384,81.28440095122804
194312.0,18683.67907455719,28946.791556744232,14719.640720870579,15491.110140658093
194385.0,5680.910353462614,9343.946678307993,17781.568724614735,6681.69373877612
194504.0,0.0,0.0,0.0,0.0
196012.0,6652.425690900352,10984.214790348016,7638.465583046902,4999.496496918465
196118.0,278.5288235273416,154.80752433082986,152.9272369881509,225.6095379233777
196844.0,24706.432230823455,29300.213972041867,42432.431055941415,11262.689233304805
196922.0,24706.432230823455,29300.213972041867,42432.431055941415,11262.689233304805
198893.0,0.0,0.0,0.0,0.0
199204.0,26049.79781317897,26243.95345124478,42432.41105594141,11262.689233304805
199244.0,0.0,0.0,0.0,0.0
199456.0,7557.935298577104,11414.342145687033,2979.1680308900586,4532.6047181725435
199615.0,861.9108094191637,2371.2133626127466,606.3241836717547,941.6610325377173
200317.0,0.0,0.0,0.0,0.0
200477.0,2221.554484675209,499.92140746754643,438.18082336328433,335.48045287766024
200588.0,880.3446200781426,814.5073296795154,300.18335461673826,212.11062708879064
201999.0,9066.533807480919,14985.455931855882,20738.025956439793,6266.61902750598
202575.0,14342.655763231498,24818.276401042884,20738.045956439793,12624.918939937794
203238.0,0.0,0.0,0.0,0.0
203327.0,1287.570921836177,1606.9616595189182,1498.017922766835,720.3623808681294
203554.0,3618.6428187462607,7153.94286198004,7178.0179509615355,2065.754579058219
205581.0,0.0,0.0,0.0,0.0
205845.0,460.87418187492,1232.7469146378066,893.9391614309291,336.07198638386984
206142.0,0.0,0.0,0.0,0.0
208168.0,972.6243129677482,1153.8496679467034,1224.9153993628624,325.92263732671285
208552.0,133.72920306159543,494.589426726962,436.7359863782567,476.4197665011392
208557.0,9386.727983888575,16691.79960406525,8318.658847024164,6469.947333325055
208980.0,2023.4597206750977,3700.1374813065813,2474.569925347294,1097.7434520733887
209281.0,6889.9060909482005,9928.308429202292,7386.181378582793,3769.716347949803
209284.0,14342.655763231498,24818.276401042884,55393.62489267525,14148.316403374643
210354.0,5304.1215767446765,6858.139524903868,5005.420823235885,2215.3786507051113
210759.0,1182.8289050618705,2971.922114073553,5976.971864706404,4155.636215888007
211103.0,0.0,0.0,0.0,0.0
211412.0,140.95657867149,129.6925239897846,96.95684747057,127.17350463756198
212042.0,79.28754556749422,294.4524441975197,60.33049292312964,258.39469338591306
212499.0,1569.8741750269764,349.9027617784828,438.18082336328433,309.1341850151807
212623.0,234.3382639291461,579.0237561370124,483.80557331883233,709.0466665883142
212998.0,472.0774403842061,996.5738890183253,279.7816147627293,195.71889841811392
213468.0,56.70121526177056,91.79416651446076,89.02649837415255,122.00671668395965
213775.0,1646.4535583665902,2769.6639035361977,5100.267728023128,2218.8997376627904
214184.0,539.7442667709207,651.1870467606726,312.73154116340055,1516.123152237311
214196.0,13321.041681391096,20977.295709199356,45591.45563692389,18264.605822190635
214211.0,0.0,0.0,0.0,0.0
214517.0,2202.335727993651,4159.341232297325,3719.3138162607015,1656.2882893989197
214623.0,2329.043837482473,4040.1902209368363,5620.2796289775315,3070.1859070746837
214636.0,13321.041681391096,20977.295709199356,22252.559550089933,9248.225314945565
214662.0,13321.041681391096,20977.295709199356,22252.559550089933,9248.225314945565
214720.0,1297.495856666638,1933.8078934624552,1318.627948257788,790.2037748581058
215133.0,86.02781674192863,95.18793798184059,86.44393001431828,156.95293429528485
215249.0,3712.5406528940407,4037.658870443807,1937.0027848749344,885.3538746738504
215269.0,109.93584311896686,233.79517853822026,251.85206870407117,250.37857467483116
215545.0,412.6528836310319,795.5211466354926,344.9324949455902,405.28751776979266
215981.0,12990.221328780734,23312.42547605016,38903.74539806614,5881.824570726332
216249.0,1646.4535583665902,2769.6639035361977,2274.6050541396044,1949.0609528180487
216459.0,515.8274689598621,922.296399841839,141.50706338916603,2108.9918631421983
217549.0,909.0094219754103,1901.9120518441707,2991.3531337791846,1115.8636891887825
217720.0,13484.91396550333,22569.204939619107,20738.06595643979,12468.967552768754
217886.0,2202.335727993651,4159.341232297325,3719.3138162607015,970.9323469737734
218044.0,13484.91396550333,22569.204939619107,20738.06595643979,12468.967552768754
219462.0,138.9785499381836,132.7294723292409,104.29187150157479,225.73482357846342
221933.0,63.47286374533952,49.685878498589446,46.847070618688576,29.581555997614462
223186.0,129.13153861815564,344.9639208575992,67.30103159298346,96.10355312682253
223377.0,13289.252709314258,23704.51565057402,19699.16574869759,8192.277860155868
225178.0,920.8429638769542,1296.5267016566431,1224.9153993628624,689.174693122143
225291.0,142.06345924358627,316.81265848401546,1064.7266949316759,283.6573641402599
225623.0,880.3446200781426,814.5073296795154,300.18335461673826,500.418612088919
225889.0,442.0809914385787,678.5074322665288,773.1177831182147,312.8521074885065
226596.0,76.29727905675846,113.3881308786357,51.1125303714961,46.347369040324175
226711.0,13289.252709314258,23704.51565057402,19518.4428042419,5144.30100601627
227962.0,0.0,0.0,0.0,0.0
228883.0,412.5240495945527,406.3813379961972,403.36963210636003,115.83214399725145
229081.0,5456.339380003201,10440.168719237397,12990.310482257415,2668.9842829248732
229646.0,17664.524877664928,30144.841783122127,42432.411055884855,14678.310058382061
230273.0,215.2382898641163,277.2756796740572,52.95797608030389,71.30670214502982
230340.0,17664.524877664928,30144.841783122127,42432.411055884855,14678.310058382061
230888.0,17664.524877664928,30144.841783122127,42432.411055884855,14678.310058382061
231353.0,690.1491630809365,901.5628422819607,905.4632538238427,768.9553954294098
231766.0,0.0,0.0,0.0,0.0
232198.0,10239.263290784731,8940.804405210174,3151.8485568126375,5993.548712741059
232726.0,10239.263290784731,8940.804405210174,3151.8485568126375,5993.548712741059
233255.0,14.098703090085483,102.44584278931823,52.90006550362595,67.73520248733298
233456.0,37198.827050581865,33346.18412911639,76125.96706956558,26077.163305275368
233823.0,11174.97008571769,9391.533417337216,3151.8485568126375,5993.548712741059
234725.0,158.77930731307413,270.321452235261,219.27525555911546,199.6417131503334
235411.0,0.0,0.0,0.0,0.0
235650.0,3150.8432752436975,4973.88894368842,2449.774740818498,1682.7938225284759
235818.0,7312.017984033953,11627.492222629422,20079.67335919006,6698.951944386525
236064.0,21.93844062149711,104.41946730853167,82.4064017794915,101.39063658592937
236768.0,3140.9430198914765,5510.455367961211,2449.774740818498,1682.7938225284759
236955.0,6388.77113690298,11924.045446925542,42432.39105594141,0.0
237199.0,16581.24193213022,28260.888221559188,24615.221317308064,16448.61403371117
237374.0,16581.24193213022,28260.888221559188,44539.41430025933,16448.61403371117
237862.0,442.0809914385787,678.5074322665288,773.1177831182147,308.804567683187
238090.0,16822.26598527636,28549.40927948584,38575.17471899318,23054.97771957284
238338.0,16822.26598527636,28549.40927948584,38575.17471899318,23054.97771957284
238541.0,9109.575466011098,8209.213579355865,6739.734237335089,6899.790514211283
238776.0,16822.26598527636,28549.40927948584,38575.17471899318,23054.97771957284
238780.0,9109.575466011098,8209.213579355865,6739.734237335089,6899.790514211283
239294.0,16581.24193213022,28260.888221559188,19615.04912228515,12997.535923397172
239809.0,0.0,0.0,0.0,0.0
240016.0,1100.242514449859,1790.0183951833963,1098.9170068785584,1857.0835765710706
240247.0,662.1641284641029,1293.2698827551428,812.4782920631196,870.0490306241367
240573.0,16822.26598527636,28549.40927948584,38575.19471899318,23054.97771957284
240711.0,16822.26598527636,28549.40927948584,38575.19471899318,23054.97771957284
240992.0,28.917722652439245,55.3649364837101,44.49957641060119,38.20614274000975
241169.0,2547.0793423400455,4628.646929199156,5793.848102418366,2807.5162568718993
241705.0,8491.185939203679,16548.499195089116,38575.15471899318,8327.799745010683
242168.0,592.1478412280964,708.7249121086379,1255.511057450912,638.335830750554
242203.0,0.0,0.0,0.0,0.0
242313.0,25430.73106686688,35532.76998072764,38575.21471899318,17151.70024603975
242377.0,5230.558663244274,5511.504233838045,4320.271165344551,3335.0567326508854
242440.0,25430.73106686688,35532.76998072764,38575.21471899318,17151.70024603975
242647.0,124.11921895685717,330.7002287745553,733.7785266922431,228.1206478852802
242729.0,1671.4313493266038,3810.4111633052353,3566.3267025142864,2374.607746247788
243542.0,0.0,0.0,0.0,0.0
243806.0,20750.018771597766,23505.508456920983,40457.83385305627,14851.709217797123
244007.0,20709.2819124128,33178.13074607904,16777.902442365244,19255.55746297676
244169.0,0.0,0.0,0.0,0.0
244484.0,5557.161378456343,11129.871706193726,27439.51788232792,5259.545322554032
244498.0,413.00958699589205,830.6686098949248,1138.3201789493921,190.22805500766702
244609.0,307.8662175509151,461.4112669773794,211.91921442751192,427.7447616838809
245322.0,3140.9430198914765,5510.455367961211,5194.483192624796,2117.6648759187556
245341.0,140.95657867149,129.6925239897846,96.95684747057,145.19831931603065
245470.0,237.2228035294341,691.0196138594531,509.7483521048907,738.9180001867595
246394.0,23817.67200895402,34091.73418867786,42432.3310559414,24304.882186713025
247616.0,7289.042913915187,12881.827008908234,12590.949257274264,7151.259150876857
247731.0,6008.191301264614,2910.070901606769,6739.734237335089,4161.152182725356
248026.0,9630.061513627068,10761.303830235634,9231.71182838542,4751.70642411755
248263.0,119.34956478839867,256.09668667565927,256.09668667565927,111.80600415541197
248368.0,0.0,0.0,0.0,0.0
248976.0,17408.72629536131,26447.349456833774,42432.3710559414,15445.473596364729
249015.0,12922.11123719624,14339.374387999727,9231.71182838542,14117.63297298807
249103.0,20709.2819124128,33178.13074607904,12590.969257274266,16527.049495902163
250256.0,37468.54285087386,49998.07800114616,76125.98706956558,22539.269603072767
250524.0,6032.313802308077,10794.62772232439,22743.641864021836,5804.75882396504
251025.0,117.63837892152985,178.77354894902405,393.7596825496704,0.0
251172.0,769.8067456104976,1147.8629443392554,854.8610666013145,1727.5924202426913
251399.0,37468.54285087386,49998.07800114616,76125.98706956558,22539.269603072767
251931.0,109.50294959041403,282.08192723619595,114.55159175682144,66.90913745670318
252385.0,707.8496118689435,1494.595568517371,1725.0986189250962,1776.303517504821
252419.0,0.0,0.0,0.0,0.0
252497.0,442.0809914385787,678.5074322665288,773.1177831182147,291.2984790948968
252695.0,37468.54285087386,49998.07800114616,76125.98706956558,22539.269603072767
252720.0,13352.410760436054,22354.228928132456,25120.204377165053,14824.715835725148
253307.0,8098.341854160417,10384.502856664965,972.444501710043,6161.273547976911
253685.0,1317.3798794880695,2286.003231686106,1539.1928626175006,1141.9029047559166
254572.0,13352.410760436054,22354.228928132456,25120.204377165053,14824.715835725148
255192.0,13352.410760436054,22354.228928132456,25120.204377165053,14824.715835725148
256136.0,17408.72629536131,26447.349456833774,54125.928276255916,13267.579317946436
256237.0,0.0,0.0,0.0,0.0
256652.0,13352.410760436054,22354.228928132456,51723.84605410339,13447.835378528398
256676.0,1104.2156372664062,1959.063353340182,3689.05486657654,2227.211611892772
256867.0,0.0,0.0,0.0,0.0
257051.0,8124.526933500314,9835.764367768827,972.444501710043,6559.031114044208
257158.0,0.0,0.0,0.0,0.0
257242.0,17408.72629536131,26447.349456833774,54125.928276255916,11879.784024299432
257247.0,0.0,0.0,0.0,0.0
257566.0,17408.72629536131,26447.349456833774,54125.928276255916,11879.784024299432
258120.0,9317.939802178596,10366.859247023362,972.444501710043,6559.031114044208
258804.0,7881.081841280455,9224.191959813099,972.444501710043,6559.031114044208
258948.0,297.8253545104641,435.6315655772341,618.1103862265803,275.19940749027785
259508.0,499.54281986324617,684.5539052263497,361.9407946918578,412.92715459267146
259664.0,890.1632772976355,1467.1748006867522,263.1557891978745,584.1628650813059
259693.0,769.8067456104976,1147.8629443392554,854.8610666013145,705.0871113628443
260204.0,1402.7748121212333,2789.432143905301,3371.8427054851586,2227.211611892772
260494.0,1515.2295705114234,3183.7136298719593,1539.1928626175006,1580.4191843210458
260661.0,2199.2354429503985,4506.31436924232,4748.8071031230675,1121.5004843868771
260767.0,3903.4902514895216,3824.604323802751,5355.061851292681,2709.931954477824
260973.0,23828.068224493858,33121.7600179275,9501.99775001209,3014.248580989962
261402.0,436.9408843178643,635.5169988015497,880.1530668202047,1110.8489824094002
262677.0,23828.068224493858,33121.7600179275,10937.961983957546,3014.248580989962
262879.0,1633.9481592485517,3509.450711107518,988.4310720226533,1842.6523354935948
262934.0,32128.184454910494,37458.4231198248,74152.62854804104,42868.17534348762
263179.0,6301.190081124067,11978.93426041503,7991.297176948038,4702.722142355426
263495.0,32659.219165552688,32571.64402036184,71220.45784789037,18743.36529868636
263717.0,2154.7735887003014,2377.104489282091,1185.115583112687,1600.9331102235344
263783.0,5742.0457734809825,8699.230235052193,7432.998218822244,4212.3547227174495
264234.0,122.59566679073501,308.7749319718009,283.4552833728246,251.41696069279016
264337.0,28193.060373138735,37297.25667386984,30959.591122666785,32125.65707405842
264512.0,1748.9931470465754,2785.670307713743,2767.067665611126,1559.4174948293994
264712.0,0.0,0.0,0.0,0.0
265372.0,328.242435583953,673.2620348177588,1007.1618608631575,376.9008117330076
265721.0,2516.451981241085,3425.5668503857883,634.2164858742633,460.1224773035979
265938.0,38013.6499309469,42180.621468857105,71220.45784789037,28456.467796618752
266058.0,14664.839144456855,14421.650982422332,9299.697253484506,8592.795533003215
266456.0,38013.6499309469,42180.621468857105,70064.98922864409,28456.467796618752
266665.0,14286.318317386704,17058.801665544383,3733.0912597451834,3121.046180754139
266922.0,38013.6499309469,42180.621468857105,73112.31881331537,28456.467796618752
267009.0,7204.09336668919,14151.171499042208,13214.769586288638,5381.896029932202
267092.0,59.706007593471696,57.678514300878746,61.26907138831161,62.35323024190486
267147.0,2516.451981241085,3425.5668503857883,634.2164858742633,460.1224773035979
267317.0,3639.3188698342997,6614.28620748357,1888.806561241276,1281.6706800110549
267333.0,30829.97273488557,32302.478360082358,25402.533329701757,16419.881505784382
267344.0,948.0042490166558,1750.9991528967646,5135.096424631724,2636.1818666397053
267500.0,30829.97273488557,32302.478360082358,25402.533329701757,16419.881505784382
267625.0,14829.770061791956,20121.62961436649,2830.2970819564775,19907.656898490088
268124.0,5280.8417149301295,7582.692292419293,9100.677449543264,3467.4405877246118
268204.0,0.0,0.0,0.0,0.0
268279.0,5280.8417149301295,7582.692292419293,9100.677449543264,3467.4405877246118
268633.0,36835.273224266384,35365.157761609276,35711.55673153592,34845.34592452771
268650.0,28602.87320317533,37678.03182392679,60870.71356396636,34129.172300247774
268938.0,3963.0622131985247,3401.603052983631,3025.4918133629567,1588.9384366614083
269270.0,7502.194587357902,8248.586547726418,6360.663910779034,9238.127686062799
269789.0,32629.33874257142,38201.678934060335,59233.498316860205,34129.172300247774
269849.0,42020.62496212196,35856.6606816085,38575.114718993194,34845.34592452771
270248.0,42020.62496212196,35856.6606816085,38575.114718993194,34845.34592452771
270465.0,882.2073707178071,1630.5635851495601,2189.57005252077,1740.8550276229207
270602.0,24879.711429860792,35168.5727976082,42432.45105594142,17022.690928287455
270611.0,9544.299273886812,13359.15179804461,6709.764573825431,10272.623249783865
270802.0,9901.857808617144,14065.570506344307,15236.831431271577,6892.28455709716
271302.0,52.74994579708157,96.62177960958797,62.51528970682689,141.8883061376095
271508.0,1188.3377620090996,2597.566474299395,3762.594252472722,663.5617591030997
271820.0,1438.916451223338,2049.786946116976,1106.5799550033419,1441.2816420047816
272448.0,24098.428743524477,36472.168988945305,28778.603949771714,9481.932144030561
272477.0,0.0,0.0,0.0,0.0
273102.0,21579.47487705941,36219.292858852976,19518.402804241898,9481.932144030561
273280.0,245.67406926764403,369.41629027246006,535.1221284907264,244.3989469699082
273305.0,5864.134335705258,9313.3362442055,6360.663910779034,3177.6474167534698
273390.0,5280.8417149301295,7582.692292419293,8220.88680155209,7228.10854926792
273566.0,65040.62500161695,74020.87996510202,44271.108523187846,21410.608876209008
273697.0,16884.990827233327,28887.151019516532,8008.937529333876,2930.2687489034174
274227.0,44.91065080020721,56.302537870694074,65.51311482918864,108.58900722633024
274453.0,18049.042679538754,21939.977894149655,12190.543714179714,15560.264959183696
274786.0,16884.990827233327,28887.151019516532,21434.242276210203,6853.461792554183
275485.0,0.0,0.0,0.0,0.0
275669.0,783.7131005182067,1471.617638479551,1618.7868789931113,402.71686287018076
275811.0,1222.4692253166606,2030.9667722796335,2066.200857815479,3510.4019456466804
276585.0,4357.304111786663,7427.956333176592,6360.663910779034,2681.8157261079664
276693.0,1496.9902584847882,2298.7223200244375,699.3411631699463,539.1824439269143
277282.0,4181.187562858558,7277.738422799951,2066.200857815479,3510.4019456466804
278458.0,4181.187562858558,7277.738422799951,2066.200857815479,3510.4019456466804
278615.0,457.9170746121203,714.2058851358436,273.4948790062121,488.98589611562414
278625.0,7026.0506079599345,10970.190146891113,12738.324678214247,6504.095591663763
278650.0,28889.030894599353,37095.45576086644,76125.92706956559,26485.01913138822
278933.0,6301.190081124067,11978.93426041503,10171.081955323116,2808.96594924182
278994.0,4181.187562858558,7277.738422799951,2066.200857815479,8118.286261028247
279233.0,4181.187562858558,7277.738422799951,2066.200857815479,8118.286261028247
279278.0,0.0,0.0,0.0,0.0
279325.0,18.645177243070044,68.37895352610983,54.696836416748795,53.05901234191982
280043.0,2325.7287813780767,3759.1895569255844,4871.607746631666,3176.380015442107
280076.0,332.02920761089996,749.9150243289566,228.70439303520072,297.46353148075144
280417.0,0.0,0.0,0.0,0.0
280620.0,0.0,0.0,0.0,0.0
281209.0,16730.512131019586,26715.364114683405,19461.6523744259,5849.753226248095
281356.0,20.680221389849194,49.93995994204138,49.57359632266376,22.880739389713785
281544.0,0.0,0.0,0.0,0.0
281761.0,16730.512131019586,26715.364114683405,19461.6523744259,5849.753226248095
282246.0,4771.16861664058,6763.806794686212,4035.194195966057,729.2920409067962
282275.0,404.0602764748408,1099.4878754259528,1331.7610755788228,621.4286848062294
284176.0,16730.512131019586,26715.364114683405,14423.256306971389,5849.753226248095
284278.0,7140.3493919361645,12703.995364307133,22162.721888440054,2808.96594924182
284563.0,5467.73616748779,9861.648165276207,12129.490191259267,4754.280024357
284568.0,355.56969689198985,644.1990144783841,469.46488050141676,354.1375170184599
284661.0,3455.000408339618,5954.015203882699,6008.495778884451,8118.286261028247
285100.0,922.2455379214913,1840.5008456902876,1954.777010544876,1711.4673013236331
285275.0,1012.7167402090412,2419.6262261610045,2769.9489842491435,1886.0431631593165
285838.0,1581.4457631793596,2840.658103287353,3204.8285259268873,0.0
285861.0,4470.628982085563,8045.466701347026,4579.821259528298,1229.0698767767437
286117.0,499.54281986324617,684.5539052263497,361.9407946918578,301.88328522791716
286270.0,16101.779665612334,24578.1541787475,32255.4907684796,5849.753226248095
286367.0,1193.0507185195017,1904.8130027245884,1382.572340336988,1045.0442781528445
286389.0,14537.513836535392,25389.590474391778,54946.34484073958,16475.148383671694
287193.0,24124.19909728173,29158.172979235813,24865.399358750394,15915.866847269112
287722.0,3455.000408339618,5954.015203882699,6008.495778884451,7752.485037457344
287941.0,14537.513836535392,25389.590474391778,49211.78010775896,16475.148383671694
288072.0,640.8862640650917,1156.6766175643038,1802.0365319509426,1366.8981152887732
288586.0,24124.19909728173,29158.172979235813,40457.68606611673,15915.866847269112
288657.0,2608.4167572172773,2930.199132616665,1213.6036431874531,2027.6780266847102
288658.0,2201.3139930301163,3129.5306078642575,2738.296846367358,1541.8852994110814
288816.0,45311.743522984456,46615.77454910869,59203.41322392582,40959.96882616002
288958.0,24124.19909728173,29158.172979235813,40457.68606611673,23866.72365818149
289555.0,0.0,0.0,0.0,0.0
289687.0,22913.84597146628,30255.063084594534,40457.68606611673,23866.72365818149
290013.0,3455.000408339618,5954.015203882699,6008.495778884451,7012.958288768015
290598.0,43038.37435586579,48369.39545988945,59203.41322392582,40959.96882616002
290908.0,43038.37435586579,48369.39545988945,56151.65855809756,40959.96882616002
291333.0,21541.413550648416,25894.168626502,56834.73870055322,23866.72365818149
291423.0,128.32739572823266,467.6491806287748,436.7359863782567,333.23101076280403
291557.0,5887.789579336258,7957.96047569474,6508.780809952032,8536.618772207179
291803.0,165.0755674555019,191.66870889843824,100.86446368261491,542.6568096228038
291809.0,0.0,0.0,0.0,0.0
292154.0,0.0,0.0,0.0,0.0
292197.0,14165.659852273946,19186.71829868441,56834.88603735844,11932.191015065087
292226.0,0.0,0.0,0.0,0.0
292470.0,18520.798405317764,26456.113901206587,42432.13105594137,23866.72365818149
292790.0,15234.235400136333,24318.945136427938,20050.613457690528,12656.02472164937
292894.0,3455.000408339618,5954.015203882699,6008.495778884451,4323.614321444502
292914.0,16809.42397519254,32228.259008310026,42432.3110559414,17348.53780927949
292968.0,16809.42397519254,32228.259008310026,42432.3110559414,17348.53780927949
294997.0,0.0,0.0,0.0,0.0
295023.0,532.6937871746867,1243.6891998872609,880.7582811118741,398.6118635991659
295147.0,4191.619474819677,8119.502419209651,6254.729963809398,4046.2536795040423
295236.0,1091.717505558519,1886.2841582954222,2450.2659745929122,2546.110627604386
295476.0,24290.764375370807,42085.30738957578,42432.3510559414,33326.8074312557
295506.0,24290.764375370807,42085.30738957578,42432.3510559414,33326.8074312557
296051.0,31572.62568019733,51523.98461698938,16262.956756074685,23246.573128097825
296243.0,127.06393109983304,315.6957967876914,201.49999988222854,232.74239637612223
296291.0,8751.461338060222,16540.228408288327,42432.291055941394,11426.759986452853
296292.0,31572.62568019733,51523.98461698938,16262.956756074685,23246.573128097825
296635.0,24290.764375370807,42085.30738957578,42432.3510559414,33326.8074312557
297138.0,24290.764375370807,42085.30738957578,42432.3510559414,33326.8074312557
297193.0,0.0,0.0,0.0,0.0
297478.0,6182.382305154803,10270.885964750596,2317.6259166272794,6846.478652343845
299288.0,264.02835104684897,372.4835922093164,537.3836682858948,295.1034050921812
299316.0,0.0,0.0,0.0,0.0
299395.0,5236.393193823927,10970.153844526596,6987.098300042161,1329.195747134334
299815.0,0.0,0.0,0.0,0.0
300170.0,1456.3405883972555,3162.332169218047,3418.2045708806486,2185.162327402704
300345.0,17838.857545431754,28646.574300915396,21884.21298385931,11029.893749261595
300579.0,0.0,0.0,0.0,0.0
300982.0,681.9012879154972,1308.289278709825,2405.396523833995,631.4943641427056
301530.0,7418.129198164747,9228.94093351358,10026.881841316514,4660.844155847737
301787.0,902.9608006388779,1603.4679016418859,1176.2497410714989,635.345047482075
301793.0,332.02920761089996,749.9150243289566,228.70439303520072,463.6082850963731
302542.0,6182.382305154803,10270.885964750596,4138.506782410679,3239.3511666381587
302607.0,517.9640366287144,997.3408449270809,894.3296330469058,550.768701053355
303577.0,22325.93845666047,25475.53912409937,14785.910052646903,6246.451857670881
303715.0,0.0,0.0,0.0,0.0
304828.0,25769.98189761032,33695.5902834458,42432.42105593788,11938.710504991735
304884.0,11180.966538906296,18680.283963325044,42432.201055900136,6867.46439561211
304968.0,928.5808934079176,1352.1855638818768,1029.2629965201293,931.7444013032759
305644.0,4344.75314124716,8459.671322855635,6654.94433223294,2286.145199872484
305698.0,4588.42743079483,7427.9680619480005,20079.62603750918,2549.3832503568387
305789.0,412.3355395707424,1105.5894382353042,1239.7769168416164,784.3073749175129
306403.0,2494.602038872248,3081.48221695516,2222.6828837423373,1630.1038283649298
306591.0,11180.966538906296,18680.283963325044,42432.27105594139,7959.166661466513
306887.0,437.6670512280095,941.4691652880617,246.18949671763698,586.4005101498464
307095.0,2494.602038872248,3081.48221695516,2222.6828837423373,1778.894602307849
307826.0,22344.846167264113,29842.49900282073,42432.49105594142,14911.267946086946
308065.0,140.95657867149,129.6925239897846,96.95684747057,99.63793478389644
308372.0,0.0,0.0,0.0,0.0
308943.0,9.275277503419643,52.28724594472501,52.28724594472501,43.817618415427376
308971.0,152.467971195757,372.7031478201429,112.31376652475777,234.54243717715562
309099.0,303.2472671022243,571.4998529820006,422.8681420485926,742.1036595516829
310266.0,0.0,0.0,0.0,0.0
310457.0,2201.3139930301163,3129.5306078642575,1087.936211231119,740.093647317689
310848.0,0.0,0.0,0.0,0.0
312513.0,681.5743680979814,773.8586670635084,1122.0691755112152,549.1448375064633
313680.0,2201.3139930301163,3129.5306078642575,1087.936211231119,740.093647317689
313939.0,0.0,0.0,0.0,0.0
314241.0,381.7714794156909,339.9445259699073,601.3021822424387,0.0
315108.0,23.649311188607413,107.05289304388707,59.52878151336988,52.73840244669912
316157.0,7418.129198164747,9228.94093351358,15863.451468855577,7414.7567701172775
316495.0,2442.4799812049487,4140.7629652692995,2895.9876582206775,1173.3098791027032
317528.0,4028.8938460987492,5449.8640454789675,6499.051753577276,2771.0337576796137
318003.0,2527.2168872198654,3700.085004639975,1495.2802089151257,1165.6769592687333
318102.0,3890.903462270009,5939.022150940817,10862.442631787408,2352.554733560943
318148.0,0.0,0.0,0.0,0.0
318721.0,0.0,0.0,0.0,0.0
319576.0,7494.729879837876,11438.060983672633,42432.33105591312,8172.128585625657
319764.0,122.59566679073501,308.7749319718009,283.4552833728246,129.2210206119732
319962.0,0.0,0.0,0.0,0.0
319992.0,191.9987962773396,537.7073681278782,875.3929244994392,136.84316904179033
320314.0,4744.34706571072,6064.432775294201,2956.104479712893,1379.2120554323762
320773.0,0.0,0.0,0.0,0.0
321086.0,9012.415619538442,11657.282366408754,10862.462631787406,7583.937673794531
322034.0,2963.644292551727,4642.933222957843,11566.142438011102,1379.2120554323762
324151.0,0.0,0.0,0.0,0.0
325345.0,4663.493604910379,7305.166660153191,10697.205573541534,2761.0958806966482
325473.0,0.0,0.0,0.0,0.0
325846.0,0.0,0.0,0.0,0.0
326942.0,1460.3951301454479,2723.8406861746903,3013.705894264412,657.1428715203415
327592.0,10062.056045588812,13082.671954087573,11834.217857117828,5465.398153803618
328092.0,0.0,0.0,0.0,0.0
329269.0,2147.831028578445,4263.837070391564,713.7538525308598,2159.4477432899366
329558.0,170.37748081154353,191.36060577999365,618.0903862265777,75.24811266337515
329833.0,237.1833618023625,361.83654822214766,161.52400040762657,189.67419638026675
332893.0,104.14791698555821,216.62271520990296,116.58611612373616,0.0
333326.0,532.0509234131873,877.1260354876451,1231.8010060614663,120.29580039053732
333622.0,13884.00083281572,19793.65404017052,5478.130354638204,2628.948174498691
333715.0,6932.249953666922,9623.188325093754,42432.39105594141,0.0
333733.0,0.0,0.0,0.0,0.0
334149.0,392.26643048768864,722.9553703681661,2292.2914417136953,391.56024979560937
334493.0,13884.00083281572,19793.65404017052,4231.935512264331,3881.9374357271654
334590.0,81.12472570400088,183.70842632909077,96.92503652068615,207.80340725695524
335388.0,13884.00083281572,19793.65404017052,4231.935512264331,3881.9374357271654
335956.0,2097.1475796762234,3454.137534266436,5258.8968625965235,2721.6926461854578
336051.0,13884.00083281572,19793.65404017052,4231.935512264331,3881.9374357271654
336130.0,13884.00083281572,19793.65404017052,4231.935512264331,3881.9374357271654
337344.0,9694.883694751696,16544.193197345816,8315.011906004602,12758.939191641286
337676.0,13884.00083281572,19793.65404017052,4231.935512264331,6036.701190882318
338278.0,400.37028287843833,771.1676952907011,382.9633726320559,836.6734983970748
338479.0,164.5460782069668,361.8200512932407,539.8970710492815,183.36240320741874
338861.0,0.0,0.0,0.0,0.0
339058.0,0.0,0.0,0.0,0.0
340394.0,11887.415042655095,18385.85501551157,47167.78329944843,11094.707325567448
340408.0,2527.2168872198654,3700.085004639975,4711.868462988377,1733.393602670784
340804.0,925.7591079844968,2182.154461757713,713.7538525308598,2059.1735760833762
342485.0,1036.523548840755,1373.3752006693448,1397.1615300761246,1082.60087814485
342618.0,30185.5475764324,37994.79320808454,67249.20581199792,27128.083907272183
342854.0,0.0,0.0,0.0,0.0
342994.0,1066.1421764645402,2175.6786296885534,713.7538525308598,2059.1735760833762
343010.0,2322.3222355267753,4953.27607454809,4168.560755575919,2800.6079105080025
343630.0,1721.1904356327814,3360.583019326814,2762.679901677568,1110.7245788583234
343704.0,4198.361265279311,6778.009662798149,7155.478717188402,24087.850278511778
343749.0,22468.2067826633,32980.63560461697,11674.302576525713,24087.850278511778
343836.0,22468.2067826633,32980.63560461697,11674.302576525713,24087.850278511778
343876.0,6520.17134074403,10327.655029242684,42432.15105594137,5030.142052546827
343947.0,9694.883694751696,16544.193197345816,29286.896608003488,6372.228991883452
344060.0,2322.3222355267753,4953.27607454809,3081.9037733774453,1030.4035114701426
344364.0,22468.2067826633,32980.63560461697,11674.302576525713,8619.629965375545
345203.0,0.0,0.0,0.0,0.0
346034.0,41748.860480384625,48730.787010499545,52960.24065225839,23015.682406350676
346586.0,4198.361265279311,6778.009662798149,7155.478717188402,4971.813161402991
346853.0,4969.136563634793,10621.232048498065,12619.380305621331,5231.4832932639665
347766.0,46171.24299035485,51389.49709295225,52960.24065225839,23015.682406350676
347936.0,4969.136563634793,10621.232048498065,15506.86451656492,5231.4832932639665
348243.0,1721.1904356327814,3360.583019326814,2762.679901677568,2965.801703688229
348528.0,122.59566679073501,308.7749319718009,283.4552833728246,164.5667677819553
348779.0,13462.676064801048,17381.761664725163,19112.306793892665,6696.4887803982765
349083.0,18784.496461781157,27166.402543472675,42432.291055941394,13844.015965029801
349218.0,8041.041783460248,12015.201214121722,42432.17105594138,5019.434113712421
349493.0,0.0,0.0,0.0,0.0
349511.0,172.2668192833007,472.21193494415826,214.25718983619996,68.22778225341932
350092.0,54.69660866278446,102.44584278931823,52.90006550362595,79.74038099670706
350699.0,104.9039855723788,154.35060085107736,228.9552970646957,140.7613218011255
350840.0,14056.898568266426,16136.606454235167,42432.3310559414,8901.531813570067
351441.0,1014.5876792549099,1739.8168164136057,1859.4478575259343,1447.4421475140207
352045.0,0.0,0.0,0.0,0.0
352296.0,0.0,0.0,0.0,0.0
352596.0,808.1757547987447,1447.2564620385638,1965.9898095427602,645.2548460259713
353274.0,277.16181853274986,459.3298946746181,1066.0411154263609,133.40571924171766
353320.0,664.072254060504,1244.6533220761153,864.0715224745843,250.11806969709326
353698.0,2773.3734058522,3295.350500192674,2762.679901677568,1184.783852692127
353766.0,0.0,0.0,0.0,0.0
354931.0,0.0,0.0,0.0,0.0
355185.0,28789.23853225025,32409.08581364591,60870.69356396636,27020.97978626978
355381.0,268.53328738266686,273.91730756708836,104.29187150157479,161.8479248702312
355390.0,2603.201288117773,3731.3452780014622,2762.679901677568,1548.192168731001
355458.0,14759.606822066844,23645.71691113472,42432.23105594139,7320.544512876074
355689.0,7833.510874069008,10780.731825377183,9262.572400378438,7186.695855050498
356513.0,412.3355395707424,1105.5894382353042,530.7226913758597,403.0859001428852
356727.0,835.2900545254245,683.0668213016436,826.3868769370546,345.6684063549922
356729.0,16093.034334141514,23872.862394535943,20259.243111033473,4866.016677201179
357136.0,944.9333010459785,1038.7823599557098,1541.3779501079848,789.2342268553741
357369.0,44.55697631469889,49.15952539606781,31.76478412046489,57.148411668216994
357898.0,344.17744975325775,584.3367428557832,503.7969993080266,242.3037522614951
358029.0,914.8868764801847,1512.8796357605063,1555.1374906746053,467.583994666199
358213.0,50238.99560130977,57426.385353306876,23748.33228655548,20420.226622640603
358690.0,16093.034334141514,23872.862394535943,29909.61143067515,18342.871222439524
359374.0,55.257621029759015,222.4445540283326,317.8220314692325,286.28439609940324
359441.0,5263.799516147762,6073.631161935469,9262.572400378438,4749.506200501269
359573.0,16093.034334141514,23872.862394535943,29909.61143067515,18342.871222439524
360213.0,12394.275208074183,18885.03752073688,42432.19105594138,15683.592032439508
360226.0,12394.275208074183,18885.03752073688,42432.19105594138,15683.592032439508
360374.0,10114.387927838017,11476.217683912693,10517.958441878523,5782.379448981189
360470.0,0.0,0.0,0.0,0.0
360907.0,13275.768851789886,17212.087703521265,16186.359063453627,6485.27089224498
360993.0,36206.74138156205,54837.00356465046,42432.3110559414,20481.9209584941
361017.0,882.5754997393734,1707.6521369508027,1972.704526132594,1427.5699392639228
361086.0,12394.275208074183,18885.03752073688,42432.211055941385,8215.206624912122
361337.0,1857.485155064769,3685.9766602417903,4074.326078984917,2085.585677724605
361570.0,10114.387927838017,11476.217683912693,9997.720698347659,3482.9195522578466
361725.0,9440.246088949232,14509.95556470121,7471.444894913029,5753.284237720226
362201.0,13639.688364308156,19798.623144679434,42432.251055941386,8215.206624912122
362445.0,13639.688364308156,19798.623144679434,42432.251055941386,8215.206624912122
362496.0,52.24830260187351,119.19908801227436,131.28281239398194,103.53511950830983
362585.0,412.3355395707424,1105.5894382353042,530.7226913758597,399.7403571707515
362909.0,0.0,0.0,0.0,0.0
363360.0,9757.570334265873,13366.75283333501,7471.444894913029,5753.284237720226
364409.0,9757.570334265873,13366.75283333501,7471.444894913029,5753.284237720226
365025.0,7121.7176239432465,11160.606008017861,42432.27105594139,8215.206624912122
365223.0,0.0,0.0,0.0,0.0
365506.0,357.73119401626315,634.853069935796,486.93692708647626,389.39188453792923
365579.0,9757.570334265873,13366.75283333501,7471.444894913029,5753.284237720226
366641.0,0.0,0.0,0.0,0.0
367354.0,0.0,0.0,0.0,0.0
367460.0,81.12472570400088,183.70842632909077,96.92503652068615,126.44470606316423
368729.0,19792.70170840332,26352.14678885189,57737.23166027601,12820.416425374022
368930.0,9502.208908613056,11476.214391477022,10517.928441892785,6421.1222213877845
369319.0,126.40384691197198,216.05497094189977,1786.3566858324766,283.9561839615401
369512.0,44.61099022489188,48.76785434905484,86.57087391531164,67.74562631639034
370279.0,27725.814917228287,37220.65304458836,73768.9153733559,16103.366127614438
370571.0,1313.3824210145576,1067.1107001326861,621.6159547714867,798.692130523395
370861.0,3942.205841969827,5982.926255863021,10862.402631787405,2663.125869650175
370868.0,251.66856693027378,278.6379027474226,172.85940260764937,129.53965090735733
371200.0,0.0,0.0,0.0,0.0
371358.0,27725.814917228287,37220.65304458836,42432.3710559414,9246.877984379376
371929.0,1724.6711345430238,4038.174861357997,2146.7351215474737,1632.8677548687156
372117.0,655.0498653500562,1109.5540069445628,1802.0165319509424,438.43180129867403
372847.0,1664.3537839852036,2622.0488582058183,664.4554536290397,1948.7878669573045
373623.0,0.0,0.0,0.0,0.0
374005.0,156.60855854485993,210.9047782825,219.27525555911546,124.54217605614572
374389.0,58.08560923135527,179.43005200094157,67.30103159298346,41.98862981415326
374628.0,633.7745430773833,1089.8208569845963,1237.5977812212498,492.5772002417489
375205.0,1857.485155064769,3685.9766602417903,2449.5767072147964,1336.0369457129543
375721.0,11748.286002345507,16996.585210896068,12741.999692132944,3361.4563751445594
376429.0,11748.286002345507,16996.585210896068,12741.979692132942,2303.953039473678
376664.0,11748.286002345507,16996.585210896068,12741.979692132942,2303.953039473678
377759.0,703.4802276592061,1129.9082483183352,871.6757933883998,100.27110508765723
378035.0,4375.944253878083,9096.464483177606,7118.444911135091,4028.496458978213
378158.0,43.38633771854123,45.20211616968185,41.879425901367,95.02404994947332
378484.0,5723.446696238541,7223.565166667101,2306.136826300501,5986.675905709278
378505.0,5723.446696238541,7223.565166667101,2306.136826300501,5986.675905709278
379290.0,357.73119401626315,634.853069935796,486.93692708647626,778.827006061038
379712.0,24081.879030593,22959.957359048898,16477.401715088163,8080.056815456188
379977.0,6473.5562102581425,14076.203184608275,10771.28465278403,9131.471510660262
380131.0,21.513756813639702,95.08539073484485,121.55981922134299,88.09787727295137
380468.0,346.7885276663404,661.627212075016,643.0248895176118,424.6131501826103
380850.0,33916.16341368118,44764.75348825369,31365.215192103125,12550.864297728664
380855.0,10585.573143283777,14809.480194534886,2306.136826300501,10879.650926936949
380966.0,3025.4116258415297,6564.522847860883,4693.51840368552,3152.679335105301
381308.0,47216.38411028711,67673.48782714979,76125.90706956558,26408.88467164034
381481.0,532.0509234131873,877.1260354876451,326.5996782708046,265.1893580349709
382896.0,15533.971017599912,26984.80900844169,12733.310582674563,11313.588720649164
383691.0,9394.92775418032,13234.48041543413,13338.770096656639,6211.663836445111
384296.0,9394.92775418032,13234.48041543413,13338.770096656639,6211.663836445111
384485.0,9394.92775418032,13234.48041543413,13338.770096656639,6211.663836445111
384888.0,9394.92775418032,13234.48041543413,13963.489230533969,14350.763236845627
385489.0,51.22966421234154,49.496468871791556,58.87893843148857,20.603016434250595
385506.0,13922.660255699308,15701.060464026872,42432.33105593197,9390.401048304593
385816.0,101.30995429032589,85.59187593878738,89.45929467072325,73.22270625700746
386637.0,1440.3545945431306,2586.6395477569476,2449.5767072147964,925.717048449471
386991.0,0.0,0.0,0.0,0.0
387440.0,0.0,0.0,0.0,0.0
388286.0,5434.587071413516,6495.824635052057,12702.987598794483,3151.854112708899
388467.0,13098.362043790554,17259.625993873284,23748.286435319274,6543.558608937495
390967.0,1440.3545945431306,2586.6395477569476,2449.5767072147964,1028.8218052121563
391594.0,4821.861967532265,7301.257174912025,12913.720255846438,3035.1358703030082
392396.0,3932.6478386400927,6535.640874594512,4904.03077982356,4536.501070538835
393259.0,25529.12855888318,33008.84588477767,56493.75812128925,11605.570716341355
393607.0,9179.489039468317,11412.304003471958,23748.286435319274,6543.558608937495
394373.0,126.44903152794375,72.10904825643914,96.95684747057,126.27572474747473
394432.0,25529.12855888318,33008.84588477767,63286.93021193247,17219.388527471
394628.0,0.0,0.0,0.0,0.0
394880.0,3932.6478386400927,6535.640874594512,4904.03077982356,4536.501070538835
394913.0,6216.656387166136,6881.709130179124,8482.808282449532,8514.889361583038
395589.0,25529.12855888318,33008.84588477767,63286.93021193247,28786.708706449925
396105.0,2359.739782744081,4557.151345787388,6955.285076129328,1351.4648264013385
396346.0,357.73119401626315,634.853069935796,486.93692708647626,569.9548504574726
396401.0,20804.297457801164,32407.3590414267,8005.16819944177,13231.846257835678
396833.0,0.0,0.0,0.0,0.0
396987.0,2377.6968965386277,4219.274507983605,3367.23575152137,1235.303119258589
397369.0,25529.12855888318,33008.84588477767,62028.59501495259,28786.708706449925
397725.0,532.0509234131873,877.1260354876451,326.5996782708046,206.15116132100735
398313.0,0.0,0.0,0.0,0.0
399286.0,82.01686265896221,188.03159890794998,175.11828188883834,176.10947058179465
399989.0,24464.445252381534,35649.3014643537,52623.10206463825,28101.217800123894
400139.0,13710.57989450977,18354.315619317047,10249.771281642386,10604.659033274007
400272.0,609.217125846688,985.6819749707687,871.6757933883998,1130.2574315615004
400541.0,16424.055649458067,29195.216918069174,42432.41105594141,21618.31120966668
400601.0,0.0,0.0,0.0,0.0
400961.0,16424.055649458067,29195.216918069174,42432.431055941415,21618.31120966668
401012.0,64.04500108289326,182.6100771007215,365.872739383569,77.95326210493053
401153.0,93.19269617960654,311.4867574293576,86.35883750152284,104.18690407148108
401557.0,3932.6478386400927,6535.640874594512,4480.93883636538,1747.2692420345525
401803.0,6216.656387166136,6881.709130179124,6723.322863374558,4188.8611165566235
401863.0,2871.1007105731883,6057.826931135705,1760.961470501366,3421.333662769535
402409.0,29329.217233345928,36365.11269605751,33014.74797867296,28407.122052752897
402434.0,29329.217233345928,36365.11269605751,33014.74797867296,28407.122052752897
402666.0,1289.5603464069295,2317.189113924046,871.6757933883998,1130.2574315615004
404474.0,9789.299063012186,16798.135100728672,13624.211539607311,5470.694675066413
404700.0,6810.814179265014,8288.373484096754,6723.322863374558,4188.8611165566235
404722.0,43.622504692619536,142.2012720900649,113.95454790868718,69.94337934643994
404834.0,18622.91197579215,27526.643731148368,42432.39105594141,21618.31120966668
404909.0,218.546307926852,459.1574259738247,460.7965592216055,335.34011157331
405452.0,204.20857240851387,765.1038090095782,828.6015153640716,441.97732366265126
405721.0,2166.102597178778,3790.840458646834,707.2664269788697,1105.2363967405345
406536.0,127.06393109983304,315.6957967876914,201.49999988222854,186.48135305815433
406553.0,24201.238619262203,33989.610865992116,42432.45105594142,26500.32755910764
406575.0,101.30995429032589,85.59187593878738,89.45929467072325,81.88250086373768
407264.0,6087.828079704441,7748.276426694485,2641.960546490396,3576.4043542362488
407430.0,23691.280028923822,28912.58659012357,27605.43614126273,10378.86628230656
407809.0,0.0,0.0,0.0,0.0
408014.0,0.0,0.0,0.0,0.0
408473.0,22991.514224508534,35805.5897691726,42432.471055941416,26500.32755910764
408678.0,0.0,0.0,0.0,0.0
408691.0,1472.083878830649,2365.146546707145,871.6757933883998,1320.0725601647812
409054.0,9051.927510934122,15028.88383510112,17782.599605934123,6391.823875154884
409431.0,4917.705958021578,6592.7809917445375,2641.960546490396,4161.018382800057
409570.0,24464.445252381534,35649.3014643537,21844.815510353168,15871.655967856663
409771.0,2035.6880428315737,3807.4596911362346,707.2664269788697,3102.678945524335
409952.0,2359.739782744081,4557.151345787388,4017.8836827307227,3309.1481360313865
410041.0,0.0,0.0,0.0,0.0
410282.0,0.0,0.0,0.0,0.0
410728.0,27.62660306559983,51.02629308368435,81.91939023621711,108.55693852905027
410843.0,30254.532508273347,34126.76219544572,21844.815510353168,15871.655967856663
412278.0,30254.532508273347,34126.76219544572,15668.841202224308,6466.744102931552
412442.0,1907.4907579993167,3685.9795703239533,2449.5767072147964,2447.1808269108355
413238.0,2035.6880428315737,3807.4596911362346,707.2664269788697,2605.1312563861347
414450.0,19.226005718806167,56.229617188246365,41.1286606721799,65.1731947107091
415104.0,3771.3518575722155,5686.574920278822,5029.260986744905,2235.8274999650575
415470.0,7774.35378406457,9145.621966894745,1568.4697772172071,1532.7430926609977
415727.0,678.0444542113469,1243.4792967432563,643.0248895176118,1191.8165136966345
415831.0,0.0,0.0,0.0,0.0
416394.0,2035.6880428315737,3807.4596911362346,707.2664269788697,2605.1312563861347
416793.0,3544.0782123315,6009.700397179,1628.9114510597503,1788.9892010406322
416938.0,0.0,0.0,0.0,0.0
417195.0,1592.8016064444953,3018.985635286364,2449.5767072147964,2447.1808269108355
417355.0,1592.8016064444953,3018.985635286364,2449.5767072147964,2447.1808269108355
417837.0,306.3992004883757,707.3289602552759,667.2689686509517,508.24223862248994
418890.0,14.784654317880948,52.5777554149977,44.49957641060119,41.71596311725285
418945.0,81.12472570400088,183.70842632909077,96.92503652068615,217.5978246072327
419214.0,1731.0938903411588,3141.7845380999006,1300.6792405597907,1050.5120114020592
419917.0,1731.0938903411588,3141.7845380999006,1300.6792405597907,1050.5120114020592
420117.0,2035.6880428315737,3807.4596911362346,707.2664269788697,2605.1312563861347
420773.0,21.513756813639702,95.08539073484485,121.55981922134299,37.211265083976926
420851.0,65.83164933385262,167.7673790485267,335.3278178997998,0.0
422334.0,1592.8016064444953,3018.985635286364,2449.5767072147964,356.78316118056915
422563.0,36.47475080415512,81.73451997608889,63.16723058162159,90.9515669111863
422765.0,0.0,0.0,0.0,0.0
422899.0,18089.19475083764,30097.290343970475,39287.895801538994,11873.795642000918
423037.0,1535.9938479639256,3050.3204439432034,3566.3667025142868,928.7339963627907
423087.0,4124.764679976418,8404.347140308586,5140.105789592821,3972.2379276171264
423123.0,685.7459701202156,1103.9652905408902,1982.8982262650306,4482.591544631297
424129.0,10307.053037885717,18677.437322926493,12733.330582674564,12714.22261154806
424237.0,602.0193936150711,1230.1943379376821,1106.2339428126022,997.9330047252672
424475.0,226.17547631537252,458.7043693513309,63.75338012344845,715.7015053777657
424610.0,1605.1596230584735,2779.716465437115,2016.7929272059528,1202.948356497485
424697.0,1470.273243480126,4019.497322829056,5918.046120541833,1590.191207748301
424854.0,451.7847811941494,1032.1484223478908,823.2533010476218,737.9010470245994
425096.0,0.0,0.0,0.0,0.0
425192.0,0.0,0.0,0.0,0.0
425332.0,9811.374679067336,10833.248255665176,5620.477645645051,2062.762257459642
426314.0,145.4675254920551,254.30759186186395,150.76346972308767,147.87923979247392
426556.0,547.8931489528529,1009.242855288141,326.5996782708046,376.2820382824564
426704.0,1402.4938025186318,2380.1650962985445,871.6757933883998,1206.1097408942521
426801.0,0.0,0.0,0.0,0.0
427198.0,383.35531150853336,790.6836720898227,825.0781260934667,340.68779162599884
427986.0,1095.3234804182955,1762.2567650667565,2449.5767072147964,2062.762257459642
428114.0,1249.0262814814541,2672.0910336989195,3008.6571716438416,1884.5326100813431
428336.0,2610.857576087811,3610.7817192942816,4187.266105938328,3004.617258021394
428518.0,579.7240854672925,364.852965552574,1610.2475247931982,144.00511129262043
428647.0,1157.2921900313868,2287.445659257711,2691.3515494991475,0.0
429030.0,929.4476410792963,764.6796209814202,972.977677542855,516.1610971780032
429368.0,0.0,0.0,0.0,0.0
429449.0,0.0,0.0,0.0,0.0
430220.0,2610.857576087811,3610.7817192942816,4187.266105938328,3004.617258021394
430472.0,4120.276986046161,7668.690062314441,3901.163442267119,4631.898575087757
432246.0,7235.70982377064,15623.74453836881,10517.988441892787,2110.2079008950755
432443.0,5962.130382192141,13271.515914790281,12733.350582674564,5622.679411668427
432891.0,0.0,0.0,0.0,0.0
433927.0,167.2235108105108,405.1069722499434,461.84933071678455,120.16719900039278
434333.0,547.8931489528529,1009.242855288141,326.5996782708046,394.4056249662269
434877.0,90.79452486595615,293.67671999133836,291.99832514500133,192.82610891681657
435290.0,0.0,0.0,5140.105789592821,0.0
435514.0,2377.6968965386277,4219.274507983605,5918.086120541831,2125.5488518027523
435572.0,3764.402287862544,7543.6769167328375,3566.3667025142868,1159.9604692660866
435926.0,16898.007361886197,25651.74955825873,11249.12571898295,8003.325597275172
435990.0,0.0,0.0,0.0,0.0
437302.0,123.62110864638844,315.67712333217446,314.2533239187344,386.34848953761934
437625.0,2214.1085713095613,3598.936394702596,2853.7294589035455,1584.180343458408
438215.0,387.54874518453676,997.1962125378404,133.7781258327127,413.2541897391967
438266.0,97.99463803387607,93.85687149603285,121.5625376780448,79.75511732547322
438354.0,7377.642942373987,10397.807510862327,4595.375835931223,9320.850649431091
438361.0,1249.0262814814541,2672.0910336989195,2762.7356631778484,1458.3032329388839
439189.0,1178.1908547763487,1696.3690832551977,3610.549193025048,2365.2877015492218
439307.0,235.97098221127496,540.9600952439179,683.6662300053406,279.3268396753166
440307.0,2452.318482025755,4118.194527122,3999.352605365309,939.3203966166177
440632.0,0.0,0.0,0.0,0.0
441003.0,218.546307926852,459.1574259738247,460.7965592216055,547.6974659791662
441295.0,7377.642942373987,10397.807510862327,4595.375835931223,9320.850649431091
441920.0,1595.5671026883076,3768.724541121999,3110.1410940737237,1773.031015120717
441934.0,1764.671939249402,3296.5201405417492,677.1595275409086,969.4370421125861
441971.0,1383.7326942529676,3292.4601358886266,1729.1137497892082,1578.361518116176
442350.0,18452.44847225511,26651.45320062989,20920.029249460487,14424.47768343797
442803.0,93.19269617960654,311.4867574293576,86.35883750152284,53.37005286010124
443265.0,2730.72145478853,4792.025117687049,3037.0844083041975,1127.5350944959541
443318.0,353.999428028703,553.9822372943053,303.0760863898525,250.67878278187007
443330.0,547.8931489528529,1009.242855288141,326.5996782708046,283.3712422106379
443476.0,2182.560097324539,4593.824528948842,3566.3467025142863,1426.8069890493248
443505.0,556.6735078766262,1103.9594039194735,3227.0392735189566,637.8487620118111
443855.0,2234.519915130374,4540.300893310767,8680.84184524016,1623.0195730181445
444014.0,17789.19170845497,25701.55460631443,9929.435010821255,12624.177535071345
444474.0,9520.26013056295,13273.147398303112,9322.125512100958,6588.02153609109
444786.0,2182.560097324539,4593.824528948842,3566.3467025142863,2487.721783881791
445286.0,21094.039610728396,29070.02870245446,7157.510033581764,12624.177535071345
445507.0,0.0,0.0,0.0,0.0
445751.0,31868.10140841035,39929.256682050356,76125.86706956557,29552.04193537225
446290.0,700.946719090469,1327.9098036054493,2206.282307348064,590.9165322784597
446303.0,9520.26013056295,13273.147398303112,9322.125512100958,6588.02153609109
446698.0,0.0,0.0,0.0,0.0
446857.0,2062.005353125087,2661.9501245988163,2449.5767072147964,1060.2613388028444
447028.0,271.1431200714905,666.0369874144559,133.7781258327127,464.7775236562112
447110.0,0.0,0.0,0.0,0.0
448037.0,31868.10140841035,39929.256682050356,76125.86706956557,29552.04193537225
448068.0,0.0,0.0,0.0,0.0
448072.0,1764.671939249402,3296.5201405417492,1146.1590633516128,489.27824748091956
449165.0,0.0,0.0,0.0,0.0
449404.0,25449.655517417174,30301.41998945487,7157.510033581764,12624.177535071345
449594.0,0.0,0.0,988.4310720226533,0.0
449651.0,93.76880985510198,185.44222396398834,166.86181620140408,0.0
449657.0,25449.655517417174,30301.41998945487,7157.510033581764,12624.177535071345
450024.0,156.60855854485993,210.9047782825,219.27525555911546,220.92634510578404
450547.0,89.10129926655958,130.78682802880897,304.1219461573132,120.0393670426498
450626.0,25449.655517417174,30301.41998945487,12031.065127123762,3650.725685257659
451752.0,25449.655517417174,30301.41998945487,18752.033121603956,16790.049561272892
452019.0,30003.48281253881,39267.6313539599,47167.79229552457,19186.523451631354
452335.0,2604.100905840322,4426.929547756274,2298.348908307483,438.0352479766897
453599.0,2912.810355297341,3993.0653877135874,3689.065376991065,1993.9799963891314
453974.0,20839.65929436265,25263.920055454117,64570.02030833106,19892.893193298958
454515.0,267.904239098795,614.2344999666647,133.7781258327127,845.1054042691952
455248.0,29531.796699204613,41856.83003756712,28296.548218564327,18494.4587349833
455713.0,12513.982541276107,18327.009517041006,10517.968441892785,4249.571443098704
455746.0,21.513756813639702,95.08539073484485,121.55981922134299,121.71173789737784
455784.0,0.0,0.0,0.0,0.0
456309.0,19564.002840462494,30959.189842056432,68079.12289991707,23659.568015287176
457596.0,8764.71794714337,13702.144584391253,12868.059852176211,3943.335641851959
457662.0,19564.002840462494,30959.189842056432,42179.39772150731,9195.38697652252
458588.0,762.0461624949953,1235.5749874593869,1146.1590633516128,738.3161941607403
458631.0,33028.56429025483,40755.2638471692,29227.511385792608,10268.39783807581
458656.0,587.4339192204231,941.6962685793243,707.2664269788697,564.9862677446241
458830.0,2502.7159770938324,4687.618572902703,10518.008441892787,2711.947819557006
459137.0,4648.033367967993,7036.948031701743,12308.913921951063,3846.1111664901214
459170.0,743.111070478547,1200.5373423879705,677.995764106932,606.4505648443243
459717.0,34954.99442278604,41324.414824407126,12966.322496007535,10392.386072505198
459910.0,5282.138915796497,10360.45434569188,10517.988441892787,3444.3887321990824
459980.0,151.44109461147607,287.19802456836686,172.08595984851166,136.1846960741184
460176.0,1692.6868669629503,2513.183691466176,5931.15345979407,1895.053203039429
460868.0,360.3333795534407,672.7556685350517,321.1518588674248,262.133829224692
460961.0,34954.99442278604,41324.414824407126,29227.49138579261,10392.386072505198
461082.0,0.0,0.0,0.0,0.0
462042.0,34954.99442278604,41324.414824407126,26250.421002179442,10392.386072505198
462648.0,1918.2898978085782,2482.438809639554,3999.352605365309,905.9485015827335
462738.0,404.2096160651929,454.2173303020795,403.2354621828774,228.62412948768116
462799.0,161.1653830338067,291.257503499884,430.7149575190567,360.619905776151
462848.0,26458.513060030484,35962.944243672886,19412.88218668217,10392.386072505198
464609.0,9376.744385972434,12428.28763102231,5374.401225051742,17589.049694625344
464646.0,891.313068148904,1907.8338595619398,2227.499849281997,708.0698044684578
464655.0,72.97742955997536,78.95762390746904,206.98014514386176,86.6059123201182
465039.0,60.75480728294246,88.88409283739728,401.7077361076097,105.23124373682941
465653.0,470.8628231406838,766.3609922833672,129.60146554974003,1509.596364373603
465943.0,22859.431293126083,32737.82699931659,72190.69324937406,29565.25794915377
466206.0,1597.765442125195,2400.341516976987,544.2217614452081,1018.5246885962068
466768.0,754.9593503884316,1536.8225046226526,1824.3908460116452,1939.0479593088976
466849.0,10320.58731423906,12554.469224040044,5374.401225051742,17589.049694625344
466995.0,4349.2668227044815,5381.193838632223,1228.8395899686163,1035.6951455326998
467033.0,973.1649541880189,1645.405559084398,903.1605018869554,502.7918782219935
467206.0,973.1649541880189,1645.405559084398,903.1605018869554,502.7918782219935
467370.0,419.5166806574467,830.179738312573,438.4467487927681,598.1578191748395
467405.0,1118.0521261434644,995.0652456155414,210.9227672280623,576.2899457738266
468364.0,1692.6868669629503,2513.183691466176,5931.15345979407,697.8446545256329
468756.0,4346.098632048343,7220.9671801774,3610.549193025048,6851.979749532248
468823.0,0.0,0.0,0.0,0.0
468952.0,4346.098632048343,7220.9671801774,3610.549193025048,6851.979749532248
469129.0,18389.231242735248,33034.78689577652,65855.23485862077,13303.868168544066
469150.0,0.0,0.0,0.0,0.0
469243.0,22437.10925310848,34940.42846269034,25790.110565527597,10837.076390152466
469504.0,18389.231242735248,33034.78689577652,65855.23485862077,20169.163777906113
469658.0,0.0,0.0,0.0,0.0
470633.0,6911.671325624528,14188.598457584536,47169.63225811352,8587.506108469443
471084.0,2336.3380009148186,5056.296188405844,2990.339808132217,834.4997241161916
471492.0,5472.514971620379,8796.375991020757,2731.6743056751984,3893.1612343698275
471970.0,22437.10925310848,34940.42846269034,10659.289572628553,15247.484277611176
472336.0,51.56895880162268,76.79604070471055,66.59135216127193,53.34355531177126
473129.0,1379.852229517105,2627.4802192186808,2497.8271845387344,1120.3648593203911
473232.0,0.0,0.0,0.0,0.0
474281.0,109.28913046477332,180.17675106480726,212.34160768475104,142.9818902518777
474347.0,257.4135458615161,526.8509976440209,133.7781258327127,555.1356963707161
475235.0,3618.6979284978765,6425.418692547154,2206.282307348064,855.1585490889979
475824.0,16557.61685815348,19812.0148776791,4286.416719613454,19471.407805240997
475877.0,9940.172762114997,21015.24415567563,61153.48965285284,13906.786768588925
476109.0,16557.61685815348,19812.0148776791,4286.416719613454,19471.407805240997
476625.0,191.9987962773396,537.7073681278782,255.46294706923746,441.9292884614008
476769.0,472.3953061715021,1222.4221284278128,562.7908442068065,318.04487236866436
477633.0,738.6248039027691,1247.4438543839335,1258.7196401353406,548.0407583109125
477677.0,1578.9877205364521,2325.3291475528513,2206.282307348064,2010.6810327150351
478403.0,2079.3610051629416,2262.231741026946,4114.801079351845,1233.9084956349072
478652.0,237.1833618023625,361.83654822214766,458.8172689429095,1600.7086512354458
478788.0,408.1056276252976,732.1383107564926,153.461569435115,308.8591674501503
479638.0,20511.705223568573,34826.39911931427,76125.8870695656,29441.159299355044
479664.0,16557.61685815348,19812.0148776791,21225.335753543608,19471.407805240997
480153.0,73.71005929145205,295.8427159764414,166.3576908714242,138.89844191170755
480220.0,11395.443733786984,14432.718718270762,21225.335753543608,19471.407805240997
480638.0,0.0,0.0,0.0,0.0
480793.0,5201.190353754247,6818.537890276342,4978.562649467619,7361.41705298647
480834.0,5201.190353754247,6818.537890276342,4978.562649467619,7361.41705298647
481044.0,1578.9877205364521,2325.3291475528513,2206.282307348064,2010.6810327150351
482268.0,20511.705223568573,34826.39911931427,42432.49105594142,7952.385397099414
482681.0,2285.871899825333,4040.0921573271553,5931.196396853714,2188.661575118456
482702.0,2496.045423022451,3586.1093418921587,3823.4030844776553,7135.62803570926
482822.0,2021.242614205389,3300.5994095202377,2325.3110224855595,524.830882046779
483010.0,522.8608784712211,1012.7466524669397,496.8911459725065,728.0767589615809
483336.0,93.19269617960654,311.4867574293576,86.35883750152284,42.150503235785926
483347.0,83.5494410575321,194.46799335537298,254.66554053938648,545.7661528759364
483733.0,728.9894610185207,1139.1525911109543,1891.6476107923966,966.4145599793084
484334.0,0.0,0.0,0.0,0.0
485406.0,23783.290691364895,40548.59077464592,35216.45628770359,15923.957766522744
485415.0,849.1212046948245,1103.0232131883326,494.31395916197323,787.327395420736
485887.0,0.0,0.0,0.0,0.0
486758.0,432.7698720615021,1483.8191063729648,779.8522775425437,456.0273518112702
486997.0,23783.290691364895,40548.59077464592,29227.571385792606,8805.26311106034
487125.0,6285.376216878325,10134.142247386088,9691.782934831192,3782.6684154178784
487243.0,0.0,0.0,0.0,0.0
487356.0,22417.395506569563,34376.39820383042,23490.413629597188,18306.54423147635
487794.0,87.75226862587097,131.37974818394653,74.46024862894868,333.8538827750847
488209.0,23783.290691364895,40548.59077464592,75191.61941162299,17075.205450623427
488457.0,694.7884057463692,984.4568599163346,2991.3331337791847,1156.109114469737
488656.0,62.85228655935651,102.20702847019066,159.38631698542633,218.17453076608186
488930.0,2021.242614205389,3300.5994095202377,5970.222027053915,759.3115564904831
489036.0,8053.730273388421,9905.735126117223,10518.028441892788,3833.004354210937
489609.0,3379.4016330739732,6222.361708311141,1136.0932299935553,4094.012837058526
489853.0,8364.939578223137,10410.37905322902,10518.028441892788,3833.004354210937
490223.0,0.0,0.0,0.0,0.0
490359.0,556.6735078766262,1103.9594039194735,798.3349835800295,886.659831840825
491275.0,0.0,0.0,0.0,0.0
491860.0,27485.183156645562,33187.087247892065,9408.696015451396,15664.22214107678
492011.0,221.50871017543076,477.50157554947924,131.04397586471538,70.67335968382994
493438.0,1234.1594910251988,2327.4569362545444,3018.5501034752815,2189.7115234203798
493487.0,24558.876685233034,32866.98959599331,13004.174031699562,10684.303132399416
493659.0,39.53273687916851,103.62244771109474,124.47794721240557,120.64175835257043
493917.0,8364.939578223137,10410.37905322902,30909.727786618536,5019.100964485572
494456.0,24558.876685233034,32866.98959599331,4455.519717459647,4395.3347892964875
494698.0,526.058198852109,1133.9348708047867,474.48478001178887,1304.2140600683617
494958.0,373.52352570874604,1373.5678605178853,779.8522775425437,453.6613330778809
497143.0,0.0,0.0,0.0,0.0
497455.0,2626.7170454157867,3332.4212252670695,781.1245267260547,1858.102433236661
498756.0,0.0,0.0,0.0,0.0
498900.0,8757.16055408381,10740.051578902694,11632.129177248724,2223.0103950499197
499591.0,12855.894583258521,25795.187902565405,19495.655594485084,21029.46832518597
