,simulated_ts,tsdate,tsdate_inferred,relate
859.0,1329.8201720554566,2032.079928656479,504.3791245756558,1631.8779995851407
1465.0,6254.0141942124255,12384.39573075223,11517.836406551063,3814.257607280872
1666.0,6539.467014722761,9608.986074558417,2764.32809035646,9715.509224636658
2134.0,21959.50249206115,21155.31227614985,17568.093154226463,22425.84124161232
2141.0,6539.467014722761,9608.986074558417,2764.32809035646,9715.509224636658
2840.0,828.5499340778179,965.9558048192164,2407.560334928774,2265.4692940580767
2952.0,47266.4276043974,52154.50631169839,46439.580393846336,41377.141089253615
3272.0,47266.4276043974,52154.50631169839,46439.580393846336,41377.141089253615
3284.0,146.39328956017957,193.0656124260814,302.0386398504531,350.1792020737382
3806.0,14082.868243197638,19550.337148260463,36923.06155892472,15334.977864477014
4029.0,38750.18663532789,52208.406613689236,46439.580393846336,41377.141089253615
4079.0,18002.943381046876,21177.175731506522,7605.37364789886,22425.84124161232
4088.0,0.0,0.0,0.0,0.0
4577.0,1329.8201720554566,2032.079928656479,504.3791245756558,1631.8779995851407
5065.0,7771.964779285702,12862.109763554576,11042.251341556503,13354.805379862337
5103.0,13050.322978225962,19309.658456883186,7605.37364789886,22425.84124161232
5245.0,0.0,0.0,0.0,0.0
5486.0,13050.322978225962,19309.658456883186,7605.37364789886,22425.84124161232
5531.0,7771.964779285702,12862.109763554576,11042.251341556503,13354.805379862337
6189.0,1412.1711995083335,2549.7242396233532,1488.1508798140903,1920.171383653032
6239.0,623.7510030457502,610.2180497176474,1545.189862967528,1781.2316348358515
6362.0,10605.24108364664,15453.413802990342,7605.37364789886,22425.84124161232
6992.0,2114.9406731050503,3728.0049478458486,2419.3899311663936,1625.508189551809
7163.0,194.8274790078705,461.3140016678841,1917.7234866727706,371.1682670110687
7357.0,7696.49120274317,12616.212853746341,9334.20767251763,13354.805379862337
7803.0,7145.53138509134,9900.446477274649,2764.32809035646,9715.509224636658
8119.0,12888.397991117408,18974.792484537516,22143.314499871205,5730.412389802325
8261.0,0.0,0.0,0.0,0.0
8299.0,49.094237451311436,127.8317114676007,174.80027646568183,103.4635132585396
9336.0,5492.27299743437,9124.497333083533,4427.651863322559,1582.9538095598368
9429.0,957.6461244186444,1252.8109273069385,2407.560334928774,1942.9438130733479
10800.0,5136.597201278384,7580.651377449097,2764.32809035646,9373.909555569651
11014.0,118.84646397599151,367.1492190235922,652.7574140686924,243.7299281237329
11112.0,350.3653801318879,174.5051758637211,395.55200417122177,143.31778701856933
11758.0,0.0,0.0,0.0,0.0
12205.0,5266.41918495161,7933.743691500165,6718.057200614753,3889.5715171468437
13009.0,2047.410127130558,3521.056526603263,2542.695927576308,1456.639065897932
13478.0,80.6018978740829,158.68850940348926,161.0137098497972,256.8948719643894
13510.0,5136.597201278384,7580.651377449097,11330.254778262602,9373.909555569651
13645.0,6067.977754972132,9596.648096996996,1919.884702877393,1076.2598481779387
13747.0,1304.5043864291085,1719.138556369991,2255.7198655073585,1594.5229207195487
14576.0,52.24830260187351,93.04641731362241,71.38836480217725,160.93354382321917
15996.0,0.0,0.0,0.0,0.0
16399.0,1778.247541232329,1865.8212684319549,2159.1747654701367,470.76137235971265
16425.0,362.4614761826774,858.0814735019467,604.3729924086322,536.4483272944376
17210.0,14125.0914325312,19317.210503030015,9185.219427287417,16416.0642874594
17555.0,26228.472194525068,37235.20976330383,28593.628123463786,22817.979941265618
17728.0,598.7127079541938,852.9169260953298,1920.1885694247055,1223.280943647043
18220.0,606.2687796825783,713.6015132763846,528.7051075275948,1859.1998659073747
18424.0,3848.01436912664,6478.692397999139,6887.35866468159,2805.011231991772
18852.0,18.645177243070044,61.21152857679887,47.28608128612563,73.42464968115272
19124.0,20138.457651939752,28469.408542431534,11808.888357086029,0.0
20001.0,2197.0131421126516,2943.616415125374,3999.9108596582714,557.1317346283553
20212.0,6067.977754972132,9596.648096996996,5295.65755010353,7600.5506974823875
20546.0,0.0,0.0,0.0,0.0
20626.0,2767.5924966053444,4994.475775332818,4450.187682217079,2203.608367519056
20749.0,0.0,0.0,0.0,0.0
21369.0,0.0,0.0,0.0,0.0
21424.0,630.2331472054937,770.5721250601157,198.38285934475044,572.6375870915216
21553.0,890.4172719389302,1944.4538740143757,5229.6059596542445,1522.9338528642668
21712.0,14668.609397388118,21862.000220582115,22143.274499871208,20579.62747281884
22017.0,9882.45671327426,13762.900515059526,6759.833434070892,3969.895954732315
22084.0,0.0,0.0,0.0,0.0
23334.0,16638.878756677685,25350.40871401358,34024.22680367196,21858.57166307991
23347.0,1066.117597454673,791.7502006168988,88.59698525203744,628.3012179997744
23526.0,5266.41918495161,7933.743691500165,3305.0663528129294,1666.1622970167102
23543.0,6411.453696394279,9670.525705771679,22143.25449987121,6349.355773037135
23729.0,0.0,0.0,0.0,0.0
23786.0,2767.5924966053444,4994.475775332818,4450.187682217079,4650.423058754977
24295.0,1146.815991484269,854.1032231894962,88.59698525203744,628.3012179997744
24597.0,2047.410127130558,3521.056526603263,8404.433516079504,1815.1597751162294
25315.0,1403.152957916647,2040.0947114585554,1610.8799315678802,1517.5791981969178
25591.0,265.65419846612474,496.7417359301171,280.0934050305208,296.9917438414745
25792.0,5488.181808884502,9154.245354905195,5295.65755010353,4650.423058754977
26033.0,0.0,0.0,0.0,0.0
26130.0,810.341189332485,715.6322944029612,1717.4282378735086,369.5135531695691
26137.0,145.22051095091786,128.16394877560006,210.79525960839638,134.5313070169914
26649.0,2767.5924966053444,4994.475775332818,4541.704964104982,4650.423058754977
26957.0,0.0,0.0,0.0,0.0
27351.0,9884.654813083494,16780.523884463724,22143.29449987121,20579.62747281884
27357.0,273.1149419552184,276.1096044506652,482.62099189111757,0.0
27483.0,5592.949751789213,9699.961455288641,6616.537720962469,2528.2053769423082
28045.0,145.22051095091786,128.16394877560006,210.79525960839638,134.5313070169914
28602.0,0.0,0.0,0.0,0.0
29278.0,0.0,0.0,0.0,0.0
29648.0,968.0950350740661,1192.295520692546,547.3244160812153,329.2933657257613
29695.0,615.5006310787004,1066.7166462727166,600.9326937274982,389.442100899479
30137.0,0.0,0.0,0.0,0.0
30535.0,466.89115330382896,615.9264741273164,646.3523960971453,684.3894050319599
30623.0,1476.0950237198997,896.2131279166335,88.59698525203744,628.3012179997744
30625.0,6604.703296619795,7505.151985601119,5116.26318633172,2161.2509251819884
30724.0,20697.794365061458,28659.912093293155,22673.213480169066,21858.57166307991
30755.0,173.04737367021139,417.8128893583259,1399.1464396139288,201.41781573882682
32204.0,36814.64527785624,36159.67171793648,36923.00155892472,16507.16928034604
32426.0,0.0,0.0,0.0,0.0
32512.0,9710.502191720585,11586.06092039023,9992.24554251381,10195.003427660042
33214.0,0.0,0.0,0.0,0.0
33357.0,166.4992057932913,239.22490162429207,331.7595202928335,451.72714378261577
33674.0,21913.780294497912,24974.160108994143,18814.749118218788,4334.44555467017
33922.0,47.13852272130231,50.319128667684154,77.1561993730747,42.06388589158163
34516.0,2366.203765556577,3721.9134760420748,5076.713222456065,1024.6879484994445
35127.0,5771.195792854464,8853.25468860034,15266.537252300217,9327.064421456516
35910.0,265.65419846612474,496.7417359301171,280.0934050305208,379.38317349613703
36202.0,11770.289647125504,16615.82955264565,20851.16969776222,12379.618907704713
36520.0,5771.195792854464,8853.25468860034,15266.537252300217,9327.064421456516
36793.0,1073.3272719619067,2089.8980927105476,1542.637113974396,1139.6030285674042
37213.0,30036.188928485917,29509.550891029303,18287.600852012467,12996.900686702196
38056.0,18401.328223602253,21552.583182017115,22143.214499871214,7298.538870554846
39984.0,1890.8370673752086,3027.1107178668744,3580.0277296308,694.92789928884
40709.0,262.950044304402,664.5011002360254,1176.759261545147,643.6590057880026
41408.0,615.6499647079471,741.5748209130705,341.26900074395724,487.46433131563583
41710.0,14397.318191311837,22721.93172444642,22143.194499871213,7298.538870554846
41928.0,0.0,0.0,0.0,0.0
42046.0,0.0,0.0,0.0,0.0
42369.0,1730.0651474768538,2375.5628602588513,2312.4044889832503,1725.172829081191
42826.0,0.0,0.0,0.0,0.0
43616.0,0.0,0.0,0.0,0.0
45629.0,5538.121805602827,8577.324768655752,2546.567603379749,2404.349834362712
45876.0,15819.036500393098,24688.07836958253,16965.48425779947,9558.403156280865
45919.0,5622.612555820386,10224.244630364072,4888.220055119326,2597.9279006161814
45951.0,5412.7539344864335,7942.186871500686,10235.72419128966,2998.356241743132
46393.0,5488.181808884502,9154.245354905195,13571.706446514041,4572.4447782340685
47006.0,160.4980343522458,429.5487336674977,423.5837356391431,292.9969838769676
47047.0,118.84646397599151,367.1492190235922,652.7574140686924,306.6761832291513
47185.0,12902.414033713574,20264.86360014844,32067.561115182918,12811.083602490464
47796.0,24008.909429401647,31122.131085302182,36922.97155892066,19482.765425370188
47902.0,117.29227987872265,185.74479931740126,189.61196350577845,189.50422739348056
48195.0,951.4198480933061,1409.4761056674777,2096.727846627084,606.5309922831644
48505.0,14397.318191311837,22721.93172444642,28593.555814366522,12811.083602490464
49330.0,0.0,0.0,0.0,0.0
49715.0,628.4797993737792,871.719757097281,341.26900074395724,589.6981948081577
50085.0,7021.14299460093,9465.12235474451,9932.408727077955,1969.9332308684982
50208.0,0.0,0.0,0.0,0.0
50811.0,870.8503257902748,1154.1060808436034,1366.2857237482365,693.5984497820046
52022.0,0.0,0.0,0.0,0.0
52088.0,416.30791848785185,873.7466736817928,850.4639941644092,0.0
53031.0,2734.4297828924296,4536.592937952996,2312.4044889832503,1969.9332308684982
53065.0,3511.7707513754076,5834.559091773709,13001.58947001551,2998.356241743132
53510.0,255.01883581420378,313.15855830788007,134.0362813592267,221.6845240335915
54259.0,0.0,0.0,0.0,0.0
54330.0,788.0780573645214,1634.644642396962,4802.368883988646,347.0080391431876
54914.0,655.7535490104693,964.3458683621647,410.5314382120262,693.5984497820046
54934.0,9094.217525151627,15940.212840694621,6258.155062766466,1677.833924439484
54976.0,1344.0655300259768,2057.191145584063,2650.4862575664715,996.8830208404595
55094.0,21901.773793107346,29602.084155475644,11232.1986775605,9762.005593114563
55141.0,0.0,0.0,0.0,0.0
55613.0,199.03008341793102,274.6554305987966,258.745901560761,148.2920022118523
55806.0,2734.4297828924296,4536.592937952996,2312.4044889832503,2814.14410451917
56018.0,0.0,0.0,0.0,0.0
56119.0,2734.4297828924296,4536.592937952996,2312.4044889832503,2814.14410451917
56306.0,0.0,0.0,0.0,0.0
56551.0,9598.821501092561,14805.538367604942,12132.50988672898,8600.035197253555
56611.0,9094.217525151627,15940.212840694621,6258.155062766466,8637.904324082318
57952.0,183.67396854010917,447.09295562059907,126.26021922690536,219.68719259893146
58545.0,6016.370407543926,10086.742055123454,7675.814442498064,5435.418180968232
59699.0,15721.123020804127,22525.309848727076,13181.859315053141,11264.439042224873
60216.0,15721.123020804127,22525.309848727076,13181.859315053141,11264.439042224873
60221.0,9094.217525151627,15940.212840694621,16156.145764940311,9117.188825619442
60772.0,1344.0655300259768,2057.191145584063,2650.4862575664715,712.826058081493
60905.0,8911.910926158549,13393.171364632726,16923.466120153716,16565.546835284367
60908.0,18.27449250787696,54.56191226757953,24.224415859178936,59.213487049826746
61131.0,6016.370407543926,10086.742055123454,5005.802332702431,4202.04005425936
61296.0,11076.353054263283,14986.981383110362,17467.58376852257,16565.546835284367
61715.0,9094.217525151627,15940.212840694621,10264.250358277297,9117.188825619442
62259.0,9094.217525151627,15940.212840694621,10264.250358277297,9117.188825619442
62284.0,2734.4297828924296,4536.592937952996,2312.4044889832503,3222.320562389782
62923.0,13760.2230320766,18466.442001129366,18242.308249801175,12363.925540134898
62980.0,0.0,0.0,0.0,0.0
62987.0,410.4554165135227,695.7797580712153,918.009817043877,247.0827653196394
63371.0,9094.217525151627,15940.212840694621,16923.42612015372,6914.2303277371375
63958.0,0.0,0.0,0.0,0.0
64191.0,1242.4178106808063,1746.6997831577696,1033.939168809074,582.8395448577593
64313.0,410.4554165135227,695.7797580712153,918.009817043877,244.48003872504603
64327.0,0.0,0.0,0.0,0.0
65157.0,3709.054593026955,6315.178251108058,6368.268242434286,2757.135723318676
65432.0,538.803090312676,915.2738592388222,214.4104315496615,360.5776107081525
66103.0,15584.358845470482,22799.95657956949,15465.441314239251,7653.258421352307
66649.0,139.22059637237666,129.63045613971906,81.63031658524798,296.45439442180646
66976.0,0.0,0.0,0.0,0.0
67483.0,1858.2390174429713,2895.2513573250867,2737.1798347577974,963.4507083136117
67727.0,0.0,0.0,0.0,0.0
69979.0,237.0523584460822,577.3741162209966,1086.9505824731377,950.9708847067822
70163.0,1988.9635424190158,3368.284709464765,2737.1798347577974,963.4507083136117
70819.0,21037.961946545332,26680.814717713292,31068.836704123016,10216.133693477195
70823.0,1688.1569711675538,1695.215053399429,1693.926081215404,1989.6080506371097
70831.0,15297.073376674856,20518.679066329074,28034.303630349594,9181.37439074347
71327.0,2345.7590837684174,4191.5657794279405,3709.9225965947826,2799.5258544617873
71658.0,50.905171198195184,53.09589699315904,161.35966978542064,0.0
71697.0,332.5786825814749,617.1275429333656,304.89112055889063,138.41020984884025
71715.0,0.0,0.0,0.0,0.0
72454.0,232.4166066526899,425.83331677940424,516.2430222247009,453.4880057851585
72581.0,17656.197445830458,22241.777221200515,36922.88155892473,9441.82407398062
72655.0,849.619439446037,1711.652909222858,2074.631608238029,720.174428219303
72701.0,2345.7590837684174,4191.5657794279405,3709.9225965947826,2021.6543254226226
73215.0,5648.329090695297,9209.95997224591,2522.7400431189244,2206.3881098075194
73784.0,7015.730481076237,11116.535683455642,7685.724423816152,1748.7188843264657
74233.0,669.395322512099,1567.0600135936818,1112.1870485519432,419.2515327938587
74303.0,1688.1569711675538,1695.215053399429,1693.926081215404,2269.796602341276
74445.0,1295.5735470724712,1951.5611759693525,3263.1146695652724,943.488634043887
75198.0,17656.197445830458,22241.777221200515,19663.94908655345,7583.797103034864
75250.0,2675.332722198615,5056.427101867663,12604.900084021996,2441.255834606443
75546.0,0.0,0.0,0.0,0.0
76406.0,1471.5147739808576,2555.317725880743,1854.3253553715126,847.6778738766277
76706.0,17656.197445830458,22241.777221200515,19663.94908655345,7583.797103034864
76979.0,0.0,0.0,16923.446120153716,0.0
78596.0,0.0,0.0,0.0,0.0
78850.0,4744.423732981292,8427.877891929502,2522.7400431189244,6871.184212346515
79258.0,1988.9635424190158,3368.284709464765,5404.561762555346,1221.0013317928856
79593.0,1344.0655300259768,2057.191145584063,4243.009049176515,1116.6848321885634
79813.0,354.9017447634263,844.6347228243659,207.33879475248372,593.1298581255204
80472.0,239.12487667650473,340.1207862183254,331.7595202928335,353.35733290820497
80617.0,5855.236486034514,10897.742493232909,7685.704423816153,3021.5978388925287
80644.0,3039.832489252761,5040.759586645851,1065.3480062193828,2073.7638538416086
80758.0,3783.0315827486415,6991.780520971537,2522.7400431189244,6871.184212346515
81306.0,363.7059690048194,533.9628751615292,615.9330685440482,665.9298063910339
81635.0,149.69010041953646,170.9266121281002,129.0378901427228,201.20634629156206
82740.0,0.0,0.0,0.0,0.0
83325.0,9066.43928857756,13853.878921299443,2522.7400431189244,6871.184212346515
83523.0,5855.236486034514,10897.742493232909,14486.922526204195,9986.876260573172
83736.0,473.7376995261312,843.2260927444781,1355.1454986411186,648.620415947571
83915.0,9066.43928857756,13853.878921299443,2522.7400431189244,10491.786718381192
84691.0,0.0,0.0,0.0,0.0
84769.0,1288.5085506554733,1587.2900111426568,405.82728630364284,468.8915495005215
84978.0,75.65777158683855,227.57353159201617,255.36402541608444,448.9919367650159
85020.0,10553.794062131044,11933.931772858492,2522.7400431189244,10491.786718381192
85224.0,2124.580043165707,3122.417911786754,2401.959282986,2023.7930323528637
85467.0,7805.319675863461,10517.012855463005,8074.072685624534,3962.9903704147455
86276.0,5077.054365001633,9218.99985072794,10848.270545586387,6835.24422914061
86430.0,36701.65451814269,41376.817560501084,46439.82039384637,25081.112179486776
86901.0,975.0683664115393,1685.2932536356973,1209.9295155114942,2912.447282269672
87615.0,1288.5085506554733,1587.2900111426568,1316.3272588014397,1674.8911696405828
87718.0,2124.580043165707,3122.417911786754,2401.959282986,2023.7930323528637
87994.0,12253.522357408187,12530.52546972693,2522.7400431189244,10491.786718381192
88190.0,363.7059690048194,533.9628751615292,770.1502092058175,811.3769739769548
88571.0,6587.512546802568,10165.625433448444,3734.928117658229,4101.229999402618
88624.0,354.9017447634263,844.6347228243659,207.33879475248372,658.2256477379167
90020.0,17293.883100691826,21896.317182626284,27784.916283007235,9130.748661473493
90625.0,2928.4756444226423,3607.8678942966344,641.6315538475872,1808.5862840848927
90690.0,8.33398236428071,33.437282802602354,55.65163134026473,28.58658414431497
90976.0,40382.336920603215,30862.911868939147,27784.916283007235,9130.748661473493
91132.0,69.24438742322914,103.04591650454276,232.17426071304803,56.4600338354486
92212.0,718.7386634532144,958.0900278927068,160.23090390191146,261.6092937760431
92456.0,523.3736461017479,783.1886989066793,499.70633330175673,504.40648052934455
92513.0,15046.363754705613,20177.573898347313,23024.810685261313,11020.48316209412
94413.0,3648.410851173932,6798.067560441342,3982.2788604641905,2327.1890678240993
94813.0,499.3967714441454,753.5241942348435,476.730800773657,385.1093999527926
95472.0,5395.522400758621,9679.160601364867,4120.712119783216,636.0515962325698
95550.0,12743.826790961444,19688.57617808589,8422.470185504917,8676.63684073501
96027.0,0.0,0.0,0.0,0.0
96691.0,1241.629636221854,1656.3408792469124,394.6307444684124,1868.362993213578
96944.0,16332.805940876748,22959.024072905122,29073.72287405025,16408.802324362372
96957.0,3648.410851173932,6798.067560441342,4062.6377751147156,2403.362797893818
97173.0,3935.0362551966496,5395.528366730037,6906.096403900434,6908.997316543117
97225.0,4210.043823217143,6735.19892205312,5250.330581860016,1903.6800584657076
99116.0,0.0,0.0,0.0,0.0
99120.0,1564.1564972513418,2915.85897747831,1268.7894671690938,555.8290771487221
99135.0,1961.2173444313567,2941.259875952233,3496.3946011692083,1772.981564624968
99453.0,265.5603895181236,526.8941640007465,331.7595202928335,617.2354180537601
99823.0,4516.770822300375,7033.192714137501,7299.593602233648,6882.817269403568
100544.0,90.45202392086648,124.81676693974455,116.22393158578154,115.90466682752684
101030.0,27.87984629842484,115.48275378639472,142.0393775673602,65.11140211053667
101563.0,3679.1949307372906,7432.121716334004,3617.378487337181,2221.4729139469605
102244.0,501.57553479688175,732.1278591795924,297.96936262359,577.720040261717
102419.0,3648.410851173932,6798.067560441342,4518.465714473019,5757.316605502949
102647.0,5395.522400758621,9679.160601364867,4024.9701010929616,3038.8022317683
103415.0,6.4978178180291915,46.521897622331466,87.06792629452323,100.62452722870303
103678.0,3679.1949307372906,7432.121716334004,3617.378487337181,1195.2392898244268
103679.0,298.69919819815505,645.0808465980973,255.84322536073947,345.15600912920524
104108.0,110.9571652451644,127.0507687675503,98.85534489371986,52.154445702260126
105439.0,56.70121526177056,56.27471842747016,103.03774870499635,80.94114639662574
105914.0,4210.043823217143,6735.19892205312,5250.310581860016,3745.4411649897797
106260.0,3648.410851173932,6798.067560441342,4518.465714473019,3430.431038003825
106873.0,1027.279928957663,1176.1081818433743,1316.3272588014397,2099.5448043802257
106998.0,3923.946245744167,6942.865194487773,9762.797798367083,3940.165858615599
108047.0,0.0,0.0,0.0,0.0
108251.0,5566.3331682098315,9860.592252993085,5858.181118590014,3446.415091627821
108688.0,250.5581310443591,696.1993428965499,555.8313953604509,324.6688834951696
108758.0,725.6177376810415,1085.5418524372024,741.2188572636405,788.5272736437212
108865.0,5566.3331682098315,9860.592252993085,5858.181118590014,3446.415091627821
110767.0,8154.8812607930995,12347.56785091124,7483.25755143166,6967.997584385345
110770.0,56.70121526177056,56.27471842747016,103.03774870499635,101.58210191515037
110933.0,0.0,0.0,0.0,0.0
111046.0,1285.506133189562,1768.3559371790016,409.32241033893195,543.1389537908325
111286.0,425.98103974452465,818.1132801039729,1224.6490895145334,1032.3757781108584
111601.0,200.35124074490392,335.9053871349532,304.89112055889063,448.46385489802856
112221.0,5223.796872369773,6709.320772206608,6432.083741930603,3913.5130925550766
112676.0,13070.234624095094,19677.771918357594,5397.150615473619,3412.211836800289
113200.0,913.3617774834971,959.7037149579425,830.5066341884793,423.04258734789335
113473.0,0.0,0.0,0.0,0.0
114076.0,913.3617774834971,959.7037149579425,830.5066341884793,423.04258734789335
114175.0,2986.518393207997,4524.09846505167,4406.029694469584,5549.847931430194
114253.0,10686.34951000219,18039.039738797514,5397.150615473619,1927.5544042905767
114550.0,16704.596427504322,20142.540368324906,8702.937260335842,7038.615402904182
114848.0,137.94548715303145,280.7055761691825,166.504808004688,290.7993991156103
115214.0,164.5460782069668,392.1757778904542,207.33879475248372,160.02677357242445
115528.0,0.0,0.0,0.0,0.0
115603.0,183.13573756873308,322.43878942723967,500.44601596042486,230.53713998616362
116151.0,0.0,0.0,0.0,0.0
116378.0,60.0314478139414,57.91907685909441,71.30997958930486,60.245743524335396
116622.0,52.24830260187351,93.04641731362241,71.38836480217725,162.0615042908093
116672.0,0.0,0.0,0.0,0.0
116686.0,13631.145255978028,22507.14965228077,18098.976795188704,16714.82391052924
117073.0,0.0,0.0,0.0,0.0
117211.0,1329.4813765756442,2015.0581014743123,654.1245123092635,341.1766510401906
117746.0,15360.224152623654,27049.50012609762,29521.572757433085,16714.82391052924
118415.0,660.37608827647,1227.4119952956153,1664.6016251810363,840.4230765513284
119191.0,0.0,0.0,0.0,0.0
119337.0,4494.982805360738,7009.438614195038,4906.034018497388,3621.931525443296
121469.0,14988.492125047049,15444.42046305889,9891.468688587967,7038.615402904182
121614.0,34279.863378968475,42945.445779298796,36922.94155892474,20763.697992891342
122680.0,34279.863378968475,42945.445779298796,46439.25039384306,28858.002256739812
122925.0,34279.863378968475,42945.445779298796,46439.25039384306,28858.002256739812
122958.0,22043.756231082305,34150.77795464862,11705.229431902273,28653.510038911463
122978.0,34279.863378968475,42945.445779298796,46439.25039384306,28858.002256739812
123037.0,22043.756231082305,34150.77795464862,11705.229431902273,28653.510038911463
123576.0,22043.756231082305,34150.77795464862,13389.203953281867,28653.510038911463
123787.0,0.0,0.0,0.0,0.0
123798.0,307.8662175509151,468.458667332592,341.26900074395724,435.48479741892254
124006.0,5865.051576488936,5241.510252621837,5517.745841630189,3558.148655621347
124077.0,8094.63623955794,11568.968613489722,6142.558586396703,5223.890415341807
124085.0,22043.756231082305,34150.77795464862,13389.203953281867,28653.510038911463
124189.0,6752.453641485485,8922.49448374405,10749.576130002608,8463.92949415341
124302.0,6427.526811669955,6554.741468998257,5517.745841630189,3558.148655621347
124455.0,0.0,0.0,0.0,0.0
124771.0,490.6478567039481,859.8146905877146,2243.741688934279,885.0035269251756
124980.0,41798.109871106,42103.184484855956,41408.685288188724,28858.002256739812
125517.0,462.0489218810123,587.5240614666086,323.0270129964164,1001.2713860787194
125815.0,7426.4774221442,8025.195189702452,7392.569228465611,6378.2814058333925
125993.0,30874.070798787197,40224.93826049277,36923.08155892472,30163.649057764876
126470.0,15061.406636454925,19632.36132034106,17793.75017545436,5832.868536080682
126672.0,19853.652362196815,31987.394934335876,14746.426453363527,26640.51064375456
127749.0,41798.109871106,42103.184484855956,36923.021558924724,30163.649057764876
128133.0,26878.384395310895,33481.00080076522,16571.781662024725,26640.51064375456
128407.0,41798.109871106,42103.184484855956,41408.6516436316,30163.649057764876
128976.0,41914.78405894069,40472.18688140925,41408.6516436316,30163.649057764876
129266.0,41914.78405894069,40472.18688140925,41408.6516436316,30163.649057764876
129285.0,18093.35060512651,21815.08879694478,18863.2506343651,10065.327126129581
129821.0,0.0,0.0,0.0,0.0
131112.0,3448.22758781371,5765.06746573894,4016.0276359047702,4262.014961564541
131356.0,207.55045165151793,289.4960791037052,42.298407655731836,281.6600869487901
131373.0,0.0,0.0,0.0,0.0
131665.0,304.2762192798175,689.6841213970231,691.1888127347795,272.4583062598753
132665.0,2708.196739633719,4509.667251168819,3388.432144034493,6148.961627787248
132807.0,21043.352737996334,29896.16218235207,11000.447366699153,12033.438140448474
132942.0,2109.1402811256535,3793.084960509732,3108.679410721868,2158.5571891219374
133251.0,1344.6464309243147,1245.7716027459421,1140.0737605749953,868.7946590996056
134291.0,38522.19223237321,33812.18400685172,22714.099524919635,8193.287337815023
134536.0,2823.801557087057,5863.767927357602,6670.446590592802,4127.269494665935
135001.0,38522.19223237321,33812.18400685172,22714.079524919638,8193.287337815023
135240.0,169.92032848618192,444.51485078077803,525.6370991127399,519.1171187198511
135333.0,2028.0823887193685,3010.5697082911934,3108.679410721868,2071.771701998075
135398.0,307.8662175509151,468.458667332592,341.26900074395724,475.4533355903605
135620.0,4391.070256698167,5859.75551876012,4531.6327440551895,3646.392985184126
135634.0,155.32705464487515,255.04502393635954,167.7675033828036,451.45768133901544
136011.0,22005.809592276175,26333.510134870983,22714.079524919638,8193.287337815023
136758.0,14211.770045540838,20520.57237824872,9819.99777948742,9118.194510976391
137170.0,0.0,0.0,0.0,0.0
137381.0,0.0,0.0,0.0,0.0
137433.0,725.6177376810415,1085.5418524372024,741.2188572636405,396.96955808978595
137532.0,22005.809592276175,26333.510134870983,21248.01328000156,8193.287337815023
138533.0,9234.826040442287,13221.980556364002,12292.642455434769,3821.4931364585755
138897.0,444.2799286932637,673.3075001024132,1078.1388598182864,667.1543370915009
139744.0,87.91389221123185,202.38471497430558,211.39918583582082,119.91312066492141
139857.0,445.95477490658044,614.7952227811971,410.5314382120262,721.4923475131251
139915.0,184.09501552423876,522.6487695344713,415.62121920819175,413.44060679376906
140274.0,8094.63623955794,11568.968613489722,11104.462930248565,2004.7803031753879
141190.0,8094.63623955794,11568.968613489722,12934.668697752857,2004.7803031753879
141331.0,14211.770045540838,20520.57237824872,9819.99777948742,7746.940996290084
142142.0,0.0,0.0,0.0,0.0
142185.0,0.0,0.0,0.0,0.0
142706.0,137.18412553788508,368.3794357329748,116.46557269951569,160.7239629986767
143326.0,661.2130772802135,1409.2267772327177,1359.4958079591972,1952.6978863101174
143978.0,339.66183653247174,756.723854153547,893.4805246169444,955.7966717456177
144015.0,26.42262001041706,38.88777057289905,42.34790466704327,0.0
144877.0,137.87617138912995,364.63963913369776,512.5872756023934,532.5015434531622
145135.0,90.45202392086648,124.81676693974455,116.22393158578154,100.44535294975074
145329.0,0.0,0.0,0.0,0.0
145986.0,3448.22758781371,5765.06746573894,5250.290581860017,3050.076675675548
146098.0,23374.595920161362,26780.464604225923,28959.825818030055,18435.770576789026
146670.0,35942.517795034444,32682.322924282158,28959.825818030055,18435.770576789026
147225.0,124.11921895685717,321.4212486018305,620.1671685080905,190.83390498546112
147253.0,35942.517795034444,32682.322924282158,17130.266164804816,21201.300450679908
147445.0,0.0,0.0,0.0,0.0
147518.0,1003.2717533487963,1726.2391198321066,717.4295790539956,1014.2792406433251
147522.0,27378.4594475718,31072.23903728794,36922.861558924735,21567.396889750045
148021.0,0.0,0.0,0.0,0.0
148412.0,14211.770045540838,20520.57237824872,36922.861558924735,21567.396889750045
149097.0,155.32705464487515,255.04502393635954,167.7675033828036,531.0214949133416
149478.0,19309.626333244825,37549.617522021734,15668.388612556086,7372.975119990573
150289.0,3848.5641819232933,8134.89753008271,5718.183227775161,3263.3313264975104
150514.0,7168.260509979068,11888.405123407543,16777.914331888816,9731.614463695116
151552.0,0.0,0.0,0.0,0.0
151554.0,444.2799286932637,673.3075001024132,1078.1388598182864,588.3884791870079
152005.0,7096.695876175141,11071.234163782305,16031.620395193275,6709.839747460442
152344.0,3999.684413940171,6076.75551120893,6882.894217373022,3479.925053532044
152363.0,688.9979173053036,1367.3087538174082,891.0285356130969,1048.0294686696552
152600.0,2825.2051622422887,5117.265865336852,4016.0276359047702,3118.02919991138
153065.0,0.0,0.0,0.0,0.0
153925.0,0.0,0.0,0.0,0.0
154041.0,205.64613939391606,466.5893731611684,227.74676163583584,558.9046348707443
155415.0,725.6177376810415,1085.5418524372024,741.2188572636405,240.48842120983704
155824.0,773.649421090115,1459.6163044299674,1959.5834793631884,898.1122395558364
155978.0,1945.435221779477,2227.4462913364314,2544.1254091527812,1141.9127983344438
156232.0,6738.199609287572,10411.425506346075,9139.742311902508,6629.316056728628
156640.0,73.75408499028703,154.05214683380171,255.36402541608444,330.38269067855236
157096.0,6738.199609287572,10411.425506346075,9139.742311902508,6629.316056728628
157365.0,821.7800744397812,1648.9226796355172,1573.598737771118,1004.5003429566364
158088.0,2559.673775240532,4956.407266660675,3138.2600518317236,2462.0107853947347
158353.0,34.97278941792587,107.44384628974679,116.93217275632344,118.60597055502728
158785.0,10545.749672456079,19976.505009934153,24059.565310605776,6910.472273224168
159151.0,742.395104011557,1009.1120259756914,1296.6937394406725,1204.3646410825918
159593.0,2343.637827811422,4251.34443574424,8250.156649556027,1548.5971610460867
159971.0,3319.405477125041,5324.808291938993,5075.88668546805,6221.710303766964
160056.0,2559.673775240532,4956.407266660675,3138.2600518317236,2462.0107853947347
160074.0,922.2455379214913,1834.5971114632036,3315.286588787635,2002.1937536612184
161032.0,896.125922345513,1164.760509294261,1584.193961041465,597.8439976850149
161503.0,3319.405477125041,5324.808291938993,5075.88668546805,6221.710303766964
161994.0,6738.199609287572,10411.425506346075,10607.925061590393,12721.918574177402
162873.0,6271.954807443925,9911.445479738632,6895.078810936253,6618.858534520888
163221.0,0.0,0.0,0.0,0.0
163604.0,0.0,0.0,0.0,0.0
163656.0,0.0,0.0,0.0,0.0
163718.0,3400.309703263787,6319.113777151763,1271.15837973085,607.2701665239287
163852.0,8079.362453884811,11609.10242059544,26142.94953298429,10365.522230934628
164189.0,1080.2125096788982,1266.1932787530548,343.0017915299679,1328.3148899677365
165185.0,0.0,0.0,0.0,0.0
165401.0,11831.360929691988,21084.498901048533,36922.92155892473,15735.506486923134
166844.0,742.395104011557,1009.1120259756914,1296.6937394406725,1014.058523695748
167469.0,7009.464598968391,12663.87814052412,11104.462930248565,4472.935756580906
167758.0,6652.425690900352,10788.639706955404,6895.078810936253,4273.699656854702
168072.0,144.9381202143838,380.46382547888055,269.78908432906275,260.30324925939743
168144.0,528.2349293241961,830.9656549562734,533.7112023050726,517.8907804334809
168355.0,124.11921895685717,321.4212486018305,620.1671685080905,215.8759261659345
169525.0,138.9785499381836,136.16989739659522,110.31300319523805,128.746972605184
169815.0,1097.2874285379253,2285.5616170324247,1959.6034793631886,1221.9483435235713
170148.0,1837.683789066164,2240.328494296718,4961.4509746356,2185.739104399242
170442.0,133.38996444590262,111.9319300034856,101.4577049612686,279.46461046078804
170444.0,0.0,0.0,0.0,0.0
170871.0,519.4417171482314,852.174567119157,770.1502092058175,435.2688030677136
171023.0,320.4300053338816,651.5602568130487,726.2319967804243,654.2884442812665
171071.0,882.2073707178071,1640.2756332517874,2035.8661130939681,402.62340202477054
171084.0,3791.750419346818,3677.924542073771,6027.884365420122,5194.61254325094
172227.0,5478.4335550649075,9650.163970924963,13937.340837522626,6199.121916828221
172688.0,6652.425690900352,10788.639706955404,11450.608725639448,10967.690167897706
172805.0,57.26318262928431,64.27698357859319,88.99909690065331,60.571509500754566
173464.0,0.0,0.0,0.0,0.0
173716.0,5478.4335550649075,9650.163970924963,13937.340837522626,6199.121916828221
174002.0,0.0,0.0,0.0,0.0
174221.0,124.11921895685717,321.4212486018305,620.1671685080905,215.8759261659345
174506.0,3616.6271021765124,5995.789203182353,13951.280827070048,7323.356836349026
174533.0,936.1685063135739,1519.103613174614,717.4295790539956,605.1667187973906
175184.0,2255.6253758417124,2506.6469615868514,3672.1208619754307,1530.20438256463
176246.0,16.14452058504832,27.789762109036456,25.043369509874285,39.59051288377053
176330.0,833.7006170681645,1487.169577751218,1166.4840023348318,645.7877993814997
177662.0,377.1168767146433,707.8317716882659,726.2319967804243,654.2884442812665
178392.0,19223.835707288243,30146.62197197561,30155.695521668225,8328.980496081138
178705.0,0.0,0.0,0.0,0.0
180556.0,385.0669930224609,622.4463486521762,536.3337573346005,346.92214965320386
181122.0,1716.579307912561,2492.3187623363933,4068.494188726069,1888.4691785252944
181295.0,6185.621512901167,10889.591514587508,14479.909815781022,5298.7007047388515
181589.0,1314.021590734777,1578.430060282236,1695.3490866471739,917.666460921396
181726.0,55073.35784105833,50595.94889745215,36922.961558924726,22740.772061431864
181841.0,16056.686548404761,24044.862666335117,3571.147306026446,7230.673703051466
182522.0,39459.706582415274,41052.259872182876,46439.72039384636,18393.795392468626
182549.0,1114.4609648803694,1799.3006386139355,654.1245123092635,1403.6377459800658
183391.0,112.78654758617954,123.0688844983594,270.4349408618681,173.0674030590394
183533.0,0.0,0.0,0.0,0.0
183907.0,14.784654317880948,40.34653586722115,34.679958130525954,58.31354456813614
184344.0,3011.159882051195,5149.372340571674,4096.037803509861,2295.6762442469976
184575.0,1142.2707484676725,1822.9816897888522,724.6894066423032,754.4295413622136
184624.0,1125.0112429397645,1805.8578919209308,1549.4652062584487,689.9094032110303
184730.0,154.3784258355699,63.05008084209396,159.51432085884596,144.06200667212713
184780.0,264.02835104684897,360.3486095744343,328.8076712660938,203.9642876682092
184950.0,164.5460782069668,392.1757778904542,470.0867908801446,206.95068315905604
185138.0,0.0,0.0,0.0,0.0
185843.0,6738.321360539489,11348.575506994903,17278.412719944798,4436.900757307965
186158.0,26433.88153860906,38229.15145122281,46439.620393846344,18393.795392468626
187032.0,14745.509306868275,27048.215313313758,36922.90155892473,13445.472050842991
187100.0,0.0,0.0,0.0,0.0
187256.0,25762.649982645544,29227.011518756353,7236.470920960864,4085.1027566023354
187572.0,6185.621512901167,10889.591514587508,12028.352295592627,3497.8052625039036
188680.0,21580.613790585016,26993.199874436057,10320.75888336183,2626.0782693781234
189492.0,199.03008341793102,274.6554305987966,258.745901560761,122.41329728015661
190758.0,304.55056871010123,667.1771039303663,724.0824998971082,807.9880375352101
191159.0,331.4053892832218,745.3796555792871,691.1888127347795,633.1366502264736
191168.0,26486.148752765675,35433.75924384099,21922.833017326506,15491.110140658093
191186.0,5063.286543928403,6471.093974238906,2248.843732848038,2140.2895984258766
191355.0,73.71005929145205,251.13785007804765,164.16468568926743,103.95402106171747
191431.0,35287.24966733235,46640.404737815545,46439.360393846306,24544.856644519234
191507.0,35287.24966733235,46640.404737815545,46439.360393846306,24544.856644519234
192024.0,33080.65537657484,41873.078238039656,46439.360393846306,24544.856644519234
192307.0,0.0,0.0,0.0,0.0
192841.0,13542.3605071463,21138.54695377346,23439.81022303002,11629.551143014936
192957.0,0.0,0.0,0.0,0.0
192988.0,0.0,0.0,0.0,0.0
193446.0,6738.321360539489,11348.575506994903,13859.001047037804,5246.200132248102
193772.0,23028.77922291457,30878.509171481597,13544.595372409927,15491.110140658093
194090.0,47.42017240723859,151.21716552882833,71.80586541412225,81.28440095122804
194312.0,18683.67907455719,28592.062843309417,13544.595372409927,15491.110140658093
194385.0,5680.910353462614,8510.363396331595,16630.40702091744,6681.69373877612
194504.0,0.0,0.0,0.0,0.0
196012.0,6652.425690900352,10788.639706955404,7790.930986559181,4999.496496918465
196118.0,278.5288235273416,153.5571751520239,162.10889317747137,225.6095379233777
196844.0,24706.432230823455,28814.15843798561,36216.18534142562,11262.689233304805
196922.0,24706.432230823455,28814.15843798561,36216.18534142562,11262.689233304805
198893.0,0.0,0.0,0.0,0.0
199204.0,26049.79781317897,25924.29222007237,35523.053245872805,11262.689233304805
199244.0,0.0,0.0,0.0,0.0
199456.0,7557.935298577104,11314.331348796193,2857.5764960798274,4532.6047181725435
199615.0,861.9108094191637,1876.972148234886,710.1363592053207,941.6610325377173
200317.0,0.0,0.0,0.0,0.0
200477.0,2221.554484675209,500.3216973112772,164.00953342890904,335.48045287766024
200588.0,880.3446200781426,735.3011437387197,259.8344843367398,212.11062708879064
201999.0,9066.533807480919,14782.540636030768,18006.68037313101,6266.61902750598
202575.0,14342.655763231498,24551.982417212013,18691.26077109693,12624.918939937794
203238.0,0.0,0.0,0.0,0.0
203327.0,1287.570921836177,1534.7853928424415,1470.0286918603845,720.3623808681294
203554.0,3618.6428187462607,7076.713886188643,7257.076064606947,2065.754579058219
205581.0,0.0,0.0,0.0,0.0
205845.0,460.87418187492,1015.8896762797915,904.5497788550806,336.07198638386984
206142.0,0.0,0.0,0.0,0.0
208168.0,972.6243129677482,1079.6274758658114,1201.2589720222522,325.92263732671285
208552.0,133.72920306159543,338.5209437961138,414.53015723663043,476.4197665011392
208557.0,9386.727983888575,16493.894173481174,8363.319708260642,6469.947333325055
208980.0,2023.4597206750977,3660.839139575864,2511.1600497720583,1097.7434520733887
209281.0,6889.9060909482005,10027.012916301976,7059.117396477972,3769.716347949803
209284.0,14342.655763231498,24551.982417212013,46439.3203938463,14148.316403374643
210354.0,5304.1215767446765,6804.1158599911405,5395.959239821531,2215.3786507051113
210759.0,1182.8289050618705,2887.57554700046,5885.626983065016,4155.636215888007
211103.0,0.0,0.0,0.0,0.0
211412.0,140.95657867149,133.7402832492259,101.4577049612686,127.17350463756198
212042.0,79.28754556749422,242.1483945565193,64.40540407689761,258.39469338591306
212499.0,1569.8741750269764,316.0777783989222,164.00953342890904,309.1341850151807
212623.0,234.3382639291461,594.7252742355392,507.61541445473165,709.0466665883142
212998.0,472.0774403842061,966.8395220723014,307.3308832157519,195.71889841811392
213468.0,56.70121526177056,56.27471842747016,103.03774870499635,122.00671668395965
213775.0,1646.4535583665902,2725.8745710489484,3942.893222498743,2218.8997376627904
214184.0,539.7442667709207,644.1359700372418,342.9007397371647,1516.123152237311
214196.0,13321.041681391096,20796.36783462409,41408.609082310155,18264.605822190635
214211.0,0.0,0.0,0.0,0.0
214517.0,2202.335727993651,4082.5348493016513,3800.723930023924,1656.2882893989197
214623.0,2329.043837482473,3927.84747466669,5764.265450631769,3070.1859070746837
214636.0,13321.041681391096,20796.36783462409,21462.445270313816,9248.225314945565
214662.0,13321.041681391096,20796.36783462409,21462.445270313816,9248.225314945565
214720.0,1297.495856666638,1890.4846360373285,1384.3253188482788,790.2037748581058
215133.0,86.02781674192863,90.04051155362058,90.30429272732815,156.95293429528485
215249.0,3712.5406528940407,4039.886364054473,1906.1309592297105,885.3538746738504
215269.0,109.93584311896686,240.6207485840574,235.59308139464304,250.37857467483116
215545.0,412.6528836310319,804.4542355283661,338.34039205731074,405.28751776979266
215981.0,12990.221328780734,21898.438902345093,29891.317016772184,5881.824570726332
216249.0,1646.4535583665902,2725.8745710489484,1979.9447254942793,1949.0609528180487
216459.0,515.8274689598621,876.7006079136434,140.29434626515686,2108.9918631421983
217549.0,909.0094219754103,1786.7180931433336,2776.482092117641,1115.8636891887825
217720.0,13484.91396550333,22399.818604299762,20246.93549386783,12468.967552768754
217886.0,2202.335727993651,4082.5348493016513,3800.723930023924,970.9323469737734
218044.0,13484.91396550333,22399.818604299762,20246.93549386783,12468.967552768754
219462.0,138.9785499381836,136.16989739659522,110.31300319523805,225.73482357846342
221933.0,63.47286374533952,50.28156553409499,46.95953762625337,29.581555997614462
223186.0,129.13153861815564,327.73035838461715,73.45581874801611,96.10355312682253
223377.0,13289.252709314258,23103.77648590373,18203.393154424255,8192.277860155868
225178.0,920.8429638769542,1134.9519883412925,1201.2589720222522,689.174693122143
225291.0,142.06345924358627,276.1893038812818,1084.7835706716285,283.6573641402599
225623.0,880.3446200781426,735.3011437387197,259.8344843367398,500.418612088919
225889.0,442.0809914385787,561.4832216058683,779.5563752785338,312.8521074885065
226596.0,76.29727905675846,101.39216024437512,52.6253125276277,46.347369040324175
226711.0,13289.252709314258,23103.77648590373,17222.842873627877,5144.30100601627
227962.0,0.0,0.0,0.0,0.0
228883.0,412.5240495945527,427.3215409020925,418.3773835101303,115.83214399725145
229081.0,5456.339380003201,9776.298350736612,12283.29708830399,2668.9842829248732
229646.0,17664.524877664928,29741.930707396456,36216.16417813042,14678.310058382061
230273.0,215.2382898641163,273.98944514110605,51.494209403175475,71.30670214502982
230340.0,17664.524877664928,29741.930707396456,36216.16417813042,14678.310058382061
230888.0,17664.524877664928,29741.930707396456,36216.16417813042,14678.310058382061
231353.0,690.1491630809365,902.1055078263058,922.763928540711,768.9553954294098
231766.0,0.0,0.0,0.0,0.0
232198.0,10239.263290784731,8790.500305696853,2958.1569912409827,5993.548712741059
232726.0,10239.263290784731,8790.500305696853,2958.1569912409827,5993.548712741059
233255.0,14.098703090085483,82.19988151870322,49.1376710064305,67.73520248733298
233456.0,37198.827050581865,33101.07299872907,46439.840393846374,26077.163305275368
233823.0,11174.97008571769,9225.496566788377,2958.1569912409827,5993.548712741059
234725.0,158.77930731307413,259.64462378776955,221.5747781547342,199.6417131503334
235411.0,0.0,0.0,0.0,0.0
235650.0,3150.8432752436975,4844.35002203437,2200.5589008412903,1682.7938225284759
235818.0,7312.017984033953,11709.715521790815,17283.494546540758,6698.951944386525
236064.0,21.93844062149711,110.88379049754924,86.26628049207916,101.39063658592937
236768.0,3140.9430198914765,5210.709429510665,2200.5589008412903,1682.7938225284759
236955.0,6388.77113690298,11724.242560277058,36216.155142570904,0.0
237199.0,16581.24193213022,25486.013201074704,17621.40044379711,16448.61403371117
237374.0,16581.24193213022,25486.013201074704,28606.57297137949,16448.61403371117
237862.0,442.0809914385787,561.4832216058683,779.5563752785338,308.804567683187
238090.0,16822.26598527636,25764.76631312618,22565.56839428731,23054.97771957284
238338.0,16822.26598527636,25764.76631312618,22565.56839428731,23054.97771957284
238541.0,9109.575466011098,7126.668544984762,6271.87133851275,6899.790514211283
238776.0,16822.26598527636,25764.76631312618,22565.56839428731,23054.97771957284
238780.0,9109.575466011098,7126.668544984762,6271.87133851275,6899.790514211283
239294.0,16581.24193213022,25486.013201074704,15629.387803174355,12997.535923397172
239809.0,0.0,0.0,0.0,0.0
240016.0,1100.242514449859,1780.9455683553529,1222.2305838754125,1857.0835765710706
240247.0,662.1641284641029,1277.2440285060975,997.8816275143871,870.0490306241367
240573.0,16822.26598527636,25764.76631312618,23538.073690267625,23054.97771957284
240711.0,16822.26598527636,25764.76631312618,23538.073690267625,23054.97771957284
240992.0,28.917722652439245,38.732317964479854,38.425368186759414,38.20614274000975
241169.0,2547.0793423400455,4540.068269273705,5971.052975148499,2807.5162568718993
241705.0,8491.185939203679,16354.624502697206,20973.55667690938,8327.799745010683
242168.0,592.1478412280964,763.7441293191654,1336.9447466228962,638.335830750554
242203.0,0.0,0.0,0.0,0.0
242313.0,25430.73106686688,34739.085733088265,23538.093690267626,17151.70024603975
242377.0,5230.558663244274,5399.717640329677,4059.3270370755563,3335.0567326508854
242440.0,25430.73106686688,34739.085733088265,23538.093690267626,17151.70024603975
242647.0,124.11921895685717,321.4212486018305,620.1671685080905,228.1206478852802
242729.0,1671.4313493266038,3740.515295301323,2724.88368974885,2374.607746247788
243542.0,0.0,0.0,0.0,0.0
243806.0,20750.018771597766,23492.704396655317,28916.14068763376,14851.709217797123
244007.0,20709.2819124128,32158.152011356327,13862.575993582612,19255.55746297676
244169.0,0.0,0.0,0.0,0.0
244484.0,5557.161378456343,10986.95173410528,18713.87478920292,5259.545322554032
244498.0,413.00958699589205,802.6149960776473,1140.3286545472326,190.22805500766702
244609.0,307.8662175509151,468.458667332592,233.67752682160184,427.7447616838809
245322.0,3140.9430198914765,5210.709429510665,4047.452281735265,2117.6648759187556
245341.0,140.95657867149,133.7402832492259,101.4577049612686,145.19831931603065
245470.0,237.2228035294341,509.7185821174826,512.4461276577231,738.9180001867595
246394.0,23817.67200895402,33884.09525015508,35522.97324587281,24304.882186713025
247616.0,7289.042913915187,12595.275900534403,10349.12450498876,7151.259150876857
247731.0,6008.191301264614,2627.7074904381057,6271.87133851275,4161.152182725356
248026.0,9630.061513627068,10535.860092065592,8926.832398485087,4751.70642411755
248263.0,119.34956478839867,207.70491902977352,225.64598523653376,111.80600415541197
248368.0,0.0,0.0,0.0,0.0
248976.0,17408.72629536131,26205.537584178284,35523.013245872804,15445.473596364729
249015.0,12922.11123719624,14038.234097024842,8926.832398485087,14117.63297298807
249103.0,20709.2819124128,32158.152011356327,10808.491437514112,16527.049495902163
250256.0,37468.54285087386,48815.78815440809,46439.86039384637,22539.269603072767
250524.0,6032.313802308077,10436.064069957683,20670.90122684269,5804.75882396504
251025.0,117.63837892152985,168.10783526073715,396.63248639391503,0.0
251172.0,769.8067456104976,1138.7913547951828,943.8368910271927,1727.5924202426913
251399.0,37468.54285087386,48815.78815440809,46439.86039384637,22539.269603072767
251931.0,109.50294959041403,271.42593652686986,95.76724961594671,66.90913745670318
252385.0,707.8496118689435,1426.5451355953344,1683.3582223539838,1776.303517504821
252419.0,0.0,0.0,0.0,0.0
252497.0,442.0809914385787,561.4832216058683,779.5563752785338,291.2984790948968
252695.0,37468.54285087386,48815.78815440809,46439.86039384637,22539.269603072767
252720.0,13352.410760436054,19512.652736461885,13553.097498948588,14824.715835725148
253307.0,8098.341854160417,10037.063160860194,974.0150010377154,6161.273547976911
253685.0,1317.3798794880695,2204.2457353446293,1549.4652062584487,1141.9029047559166
254572.0,13352.410760436054,19512.652736461885,13553.097498948588,14824.715835725148
255192.0,13352.410760436054,19512.652736461885,13553.097498948588,14824.715835725148
256136.0,17408.72629536131,26205.537584178284,46439.2803938463,13267.579317946436
256237.0,0.0,0.0,0.0,0.0
256652.0,13352.410760436054,19512.652736461885,28281.112143497885,13447.835378528398
256676.0,1104.2156372664062,1848.5375388848095,3754.9943302209695,2227.211611892772
256867.0,0.0,0.0,0.0,0.0
257051.0,8124.526933500314,9644.832276264171,974.0150010377154,6559.031114044208
257158.0,0.0,0.0,0.0,0.0
257242.0,17408.72629536131,26205.537584178284,46439.2803938463,11879.784024299432
257247.0,0.0,0.0,0.0,0.0
257566.0,17408.72629536131,26205.537584178284,46439.2803938463,11879.784024299432
258120.0,9317.939802178596,10176.195168859285,974.0150010377154,6559.031114044208
258804.0,7881.081841280455,9070.11714664904,974.0150010377154,6559.031114044208
258948.0,297.8253545104641,372.78351672839085,334.67686354530247,275.19940749027785
259508.0,499.54281986324617,633.6519456434947,401.17993107514064,412.92715459267146
259664.0,890.1632772976355,1459.0505533772416,260.2233892144553,584.1628650813059
259693.0,769.8067456104976,1138.7913547951828,943.8368910271927,705.0871113628443
260204.0,1402.7748121212333,2626.3902988048103,3425.466891727247,2227.211611892772
260494.0,1515.2295705114234,3090.8450031060866,1549.4652062584487,1580.4191843210458
260661.0,2199.2354429503985,4335.743823263061,4245.132135288591,1121.5004843868771
260767.0,3903.4902514895216,3725.694236953601,5239.939794616724,2709.931954477824
260973.0,23828.068224493858,32603.922670679007,6959.472894566088,3014.248580989962
261402.0,436.9408843178643,670.3919135990786,953.5497867533207,1110.8489824094002
262677.0,23828.068224493858,32603.922670679007,7742.4256927060505,3014.248580989962
262879.0,1633.9481592485517,3375.469003943053,1023.6324814527791,1842.6523354935948
262934.0,32128.184454910494,37144.677397397034,46439.70039384635,42868.17534348762
263179.0,6301.190081124067,11755.8325607269,8123.210359215706,4702.722142355426
263495.0,32659.219165552688,32916.237585049465,46439.620393846344,18743.36529868636
263717.0,2154.7735887003014,2130.35534429122,1022.7555738510673,1600.9331102235344
263783.0,5742.0457734809825,8579.923488941266,5672.761919693265,4212.3547227174495
264234.0,122.59566679073501,288.28861487447716,280.6554054281443,251.41696069279016
264337.0,28193.060373138735,36706.121496232794,19561.53587604312,32125.65707405842
264512.0,1748.9931470465754,2810.073589395898,2243.7616889342794,1559.4174948293994
264712.0,0.0,0.0,0.0,0.0
265372.0,328.242435583953,666.7711684301208,983.6394773122145,376.9008117330076
265721.0,2516.451981241085,3440.6243934659797,644.2817388720858,460.1224773035979
265938.0,38013.6499309469,41818.19026068843,46439.620393846344,28456.467796618752
266058.0,14664.839144456855,14516.680534911195,6383.647598606924,8592.795533003215
266456.0,38013.6499309469,41818.19026068843,46439.60039384634,28456.467796618752
266665.0,14286.318317386704,16545.073559600325,2832.0277220781554,3121.046180754139
266922.0,38013.6499309469,41818.19026068843,46439.660393846345,28456.467796618752
267009.0,7204.09336668919,12894.438126034778,13618.868711608517,5381.896029932202
267092.0,59.706007593471696,56.26396312356733,61.712160013590086,62.35323024190486
267147.0,2516.451981241085,3440.6243934659797,644.2817388720858,460.1224773035979
267317.0,3639.3188698342997,6628.793787931662,2059.40901200135,1281.6706800110549
267333.0,30829.97273488557,31006.665103053834,17222.782873627875,16419.881505784382
267344.0,948.0042490166558,1715.8768927836634,4503.3844235211245,2636.1818666397053
267500.0,30829.97273488557,31006.665103053834,17222.782873627875,16419.881505784382
267625.0,14829.770061791956,19690.447725762686,2362.4157341731507,19907.656898490088
268124.0,5280.8417149301295,7429.3265254856815,8505.105499664951,3467.4405877246118
268204.0,0.0,0.0,0.0,0.0
268279.0,5280.8417149301295,7429.3265254856815,8505.105499664951,3467.4405877246118
268633.0,36835.273224266384,34562.78434399887,17222.802873627876,34845.34592452771
268650.0,28602.87320317533,37107.59447349638,46439.42039384631,34129.172300247774
268938.0,3963.0622131985247,3219.509749175314,3153.763908152377,1588.9384366614083
269270.0,7502.194587357902,8078.926161314055,4617.875048128041,9238.127686062799
269789.0,32629.33874257142,37099.42100558747,46439.400393846314,34129.172300247774
269849.0,42020.62496212196,34555.17140619769,22088.840646874232,34845.34592452771
270248.0,42020.62496212196,34555.17140619769,22088.840646874232,34845.34592452771
270465.0,882.2073707178071,1640.2756332517874,2079.012237240597,1740.8550276229207
270602.0,24879.711429860792,34774.04594394728,36922.84155892474,17022.690928287455
270611.0,9544.299273886812,12891.00353052759,6942.8507568608875,10272.623249783865
270802.0,9901.857808617144,12706.926376734584,13553.061183486998,6892.28455709716
271302.0,52.74994579708157,76.45327947201484,63.320695399419535,141.8883061376095
271508.0,1188.3377620090996,2504.6031050767847,4135.772780396256,663.5617591030997
271820.0,1438.916451223338,2050.263560021162,1168.6016528356652,1441.2816420047816
272448.0,24098.428743524477,35096.65457456062,25608.388619607333,9481.932144030561
272477.0,0.0,0.0,0.0,0.0
273102.0,21579.47487705941,34802.8566342579,17222.802873627876,9481.932144030561
273280.0,245.67406926764403,380.68828166428074,536.3337573346005,244.3989469699082
273305.0,5864.134335705258,9144.591328175255,4617.875048128041,3177.6474167534698
273390.0,5280.8417149301295,7429.3265254856815,8123.429553140524,7228.10854926792
273566.0,65040.62500161695,71050.59191981133,42050.63227073536,21410.608876209008
273697.0,16884.990827233327,25805.05258168039,7907.046213138904,2930.2687489034174
274227.0,44.91065080020721,48.155427197765114,76.4497703485373,108.58900722633024
274453.0,18049.042679538754,22015.341970505542,11384.139684698694,15560.264959183696
274786.0,16884.990827233327,25805.05258168039,19977.811874115432,6853.461792554183
275485.0,0.0,0.0,0.0,0.0
275669.0,783.7131005182067,1393.9737655824015,1683.9277639154095,402.71686287018076
275811.0,1222.4692253166606,2009.3018906527145,1833.3411825512162,3510.4019456466804
276585.0,4357.304111786663,6458.4828770701315,4617.875048128041,2681.8157261079664
276693.0,1496.9902584847882,2326.1095191988998,836.8993943871592,539.1824439269143
277282.0,4181.187562858558,6931.286177792748,1833.3411825512162,3510.4019456466804
278458.0,4181.187562858558,6931.286177792748,1833.3411825512162,3510.4019456466804
278615.0,457.9170746121203,714.9272504858425,303.28204603582475,488.98589611562414
278625.0,7026.0506079599345,10575.618838840559,12089.885829773464,6504.095591663763
278650.0,28889.030894599353,35534.26230148335,46439.800393846366,26485.01913138822
278933.0,6301.190081124067,11755.8325607269,9219.495895186075,2808.96594924182
278994.0,4181.187562858558,6931.286177792748,1833.3411825512162,8118.286261028247
279233.0,4181.187562858558,6931.286177792748,1833.3411825512162,8118.286261028247
279278.0,0.0,0.0,0.0,0.0
279325.0,18.645177243070044,61.21152857679887,47.28608128612563,53.05901234191982
280043.0,2325.7287813780767,3531.435924908272,4727.455031224643,3176.380015442107
280076.0,332.02920761089996,728.9849780871128,285.02277100038145,297.46353148075144
280417.0,0.0,0.0,0.0,0.0
280620.0,0.0,0.0,0.0,0.0
281209.0,16730.512131019586,23690.237302387366,19977.788674831063,5849.753226248095
281356.0,20.680221389849194,43.204935081395796,49.31099338660677,22.880739389713785
281544.0,0.0,0.0,0.0,0.0
281761.0,16730.512131019586,23690.237302387366,19977.788674831063,5849.753226248095
282246.0,4771.16861664058,6527.210006113077,3533.325577926222,729.2920409067962
282275.0,404.0602764748408,958.8463252964425,1546.1002375956318,621.4286848062294
284176.0,16730.512131019586,23690.237302387366,14460.755165526298,5849.753226248095
284278.0,7140.3493919361645,12408.996610833523,18097.06606828224,2808.96594924182
284563.0,5467.73616748779,9362.66481272382,11585.427487280374,4754.280024357
284568.0,355.56969689198985,683.1423995402764,490.6294525038155,354.1375170184599
284661.0,3455.000408339618,5854.894810589296,5626.3513609294305,8118.286261028247
285100.0,922.2455379214913,1834.5971114632036,1905.7030425105622,1711.4673013236331
285275.0,1012.7167402090412,2112.878409049549,3069.668029146527,1886.0431631593165
285838.0,1581.4457631793596,2609.977652210138,2652.2153908571304,0.0
285861.0,4470.628982085563,7878.8107668630855,4508.578413208743,1229.0698767767437
286117.0,499.54281986324617,633.6519456434947,401.17993107514064,301.88328522791716
286270.0,16101.779665612334,22423.961074936095,26695.08657933389,5849.753226248095
286367.0,1193.0507185195017,1850.1028065143455,1277.071128438016,1045.0442781528445
286389.0,14537.513836535392,25054.666313203932,46439.290393778465,16475.148383671694
287193.0,24124.19909728173,26503.196397265165,24143.853261660744,15915.866847269112
287722.0,3455.000408339618,5854.894810589296,5626.3513609294305,7752.485037457344
287941.0,14537.513836535392,25054.666313203932,46439.20039384628,16475.148383671694
288072.0,640.8862640650917,1144.3899553232004,1693.4621548785383,1366.8981152887732
288586.0,24124.19909728173,26503.196397265165,31723.000006053375,15915.866847269112
288657.0,2608.4167572172773,2863.860093728616,1426.684220391975,2027.6780266847102
288658.0,2201.3139930301163,3077.2328013947786,2702.663571542752,1541.8852994110814
288816.0,45311.743522984456,46167.4302197656,46439.38039384631,40959.96882616002
288958.0,24124.19909728173,26503.196397265165,31723.000006053375,23866.72365818149
289555.0,0.0,0.0,0.0,0.0
289687.0,22913.84597146628,27361.39034569636,31723.000006053375,23866.72365818149
290013.0,3455.000408339618,5854.894810589296,5626.3513609294305,7012.958288768015
290598.0,43038.37435586579,47662.367231714496,46439.38039384631,40959.96882616002
290908.0,43038.37435586579,47662.367231714496,46439.3403938463,40959.96882616002
291333.0,21541.413550648416,23574.062573304276,40616.16083740224,23866.72365818149
291423.0,128.32739572823266,360.07897929247434,414.53015723663043,333.23101076280403
291557.0,5887.789579336258,7662.172506941648,6702.431509190499,8536.618772207179
291803.0,165.0755674555019,171.534649474534,97.91150065995018,542.6568096228038
291809.0,0.0,0.0,0.0,0.0
292154.0,0.0,0.0,0.0,0.0
292197.0,14165.659852273946,19115.812108812024,40616.28660945278,11932.191015065087
292226.0,0.0,0.0,0.0,0.0
292470.0,18520.798405317764,24048.759693373566,35522.77324587283,23866.72365818149
292790.0,15234.235400136333,24104.55489890448,17621.36044379711,12656.02472164937
292894.0,3455.000408339618,5854.894810589296,5626.3513609294305,4323.614321444502
292914.0,16809.42397519254,29128.357849782413,35522.95324587281,17348.53780927949
292968.0,16809.42397519254,29128.357849782413,35522.95324587281,17348.53780927949
294997.0,0.0,0.0,0.0,0.0
295023.0,532.6937871746867,1214.6318860864499,918.5755485921583,398.6118635991659
295147.0,4191.619474819677,8095.8732172240925,6170.829273311187,4046.2536795040423
295236.0,1091.717505558519,1861.6345704934547,2274.2725544509517,2546.110627604386
295476.0,24290.764375370807,41137.78713275652,35522.99324587281,33326.8074312557
295506.0,24290.764375370807,41137.78713275652,35522.99324587281,33326.8074312557
296051.0,31572.62568019733,50740.34875978045,15887.351158555097,23246.573128097825
296243.0,127.06393109983304,268.55461297777117,210.2334972313119,232.74239637612223
296291.0,8751.461338060222,15061.421322778404,35522.93324587282,11426.759986452853
296292.0,31572.62568019733,50740.34875978045,15887.351158555097,23246.573128097825
296635.0,24290.764375370807,41137.78713275652,35522.99324587281,33326.8074312557
297138.0,24290.764375370807,41137.78713275652,35522.99324587281,33326.8074312557
297193.0,0.0,0.0,0.0,0.0
297478.0,6182.382305154803,9804.247289639856,2492.546491102848,6846.478652343845
299288.0,264.02835104684897,360.3486095744343,537.3750541308801,295.1034050921812
299316.0,0.0,0.0,0.0,0.0
299395.0,5236.393193823927,9855.41554749935,6440.297901183678,1329.195747134334
299815.0,0.0,0.0,0.0,0.0
300170.0,1456.3405883972555,2728.7308513024404,3090.5264196999783,2185.162327402704
300345.0,17838.857545431754,28104.17732115311,17621.38044379711,11029.893749261595
300579.0,0.0,0.0,0.0,0.0
300982.0,681.9012879154972,1225.9899239679735,2153.3411334378798,631.4943641427056
301530.0,7418.129198164747,9017.303462609545,9043.426939144212,4660.844155847737
301787.0,902.9608006388779,1403.9205848984718,1108.2765064397697,635.345047482075
301793.0,332.02920761089996,728.9849780871128,285.02277100038145,463.6082850963731
302542.0,6182.382305154803,9804.247289639856,4333.093426675991,3239.3511666381587
302607.0,517.9640366287144,979.2401452958462,954.679063445611,550.768701053355
303577.0,22325.93845666047,24957.76044712299,15059.065228920854,6246.451857670881
303715.0,0.0,0.0,0.0,0.0
304828.0,25769.98189761032,32269.540753326983,36922.82155892474,11938.710504991735
304884.0,11180.966538906296,16514.791088010938,35522.843245823555,6867.46439561211
304968.0,928.5808934079176,1339.56321578944,1225.0668997956625,931.7444013032759
305644.0,4344.75314124716,7041.815604250757,5772.063773818714,2286.145199872484
305698.0,4588.42743079483,6780.381925007251,16075.84036225396,2549.3832503568387
305789.0,412.3355395707424,977.5470883619876,1245.9740659568054,784.3073749175129
306403.0,2494.602038872248,3025.3909870250973,1935.950667187772,1630.1038283649298
306591.0,11180.966538906296,16514.791088010938,35522.91324587281,7959.166661466513
306887.0,437.6670512280095,946.2156908441393,285.4657838231238,586.4005101498464
307095.0,2494.602038872248,3025.3909870250973,1935.950667187772,1778.894602307849
307826.0,22344.846167264113,29846.416815070068,36922.88155892473,14911.267946086946
308065.0,140.95657867149,133.7402832492259,101.4577049612686,99.63793478389644
308372.0,0.0,0.0,0.0,0.0
308943.0,9.275277503419643,52.40646448089825,44.386948988376616,43.817618415427376
308971.0,152.467971195757,386.2949145050757,116.46557269951569,234.54243717715562
309099.0,303.2472671022243,595.8047286703447,479.8774275940708,742.1036595516829
310266.0,0.0,0.0,0.0,0.0
310457.0,2201.3139930301163,3077.2328013947786,1149.926751308957,740.093647317689
310848.0,0.0,0.0,0.0,0.0
312513.0,681.5743680979814,819.4488572872261,1194.6111433957974,549.1448375064633
313680.0,2201.3139930301163,3077.2328013947786,1149.926751308957,740.093647317689
313939.0,0.0,0.0,0.0,0.0
314241.0,381.7714794156909,342.8802094598465,622.731061862566,0.0
315108.0,23.649311188607413,96.37644377698865,61.43096990449872,52.73840244669912
316157.0,7418.129198164747,9017.303462609545,15309.376166505852,7414.7567701172775
316495.0,2442.4799812049487,4032.157248195208,2641.3518568652403,1173.3098791027032
317528.0,4028.8938460987492,5353.282205497218,5568.667654536948,2771.0337576796137
318003.0,2527.2168872198654,3693.1860521494445,1647.0537538852404,1165.6769592687333
318102.0,3890.903462270009,5591.0126995217215,9718.770790178864,2352.554733560943
318148.0,0.0,0.0,0.0,0.0
318721.0,0.0,0.0,0.0,0.0
319576.0,7494.729879837876,10889.706440911483,35522.973245839035,8172.128585625657
319764.0,122.59566679073501,288.28861487447716,280.6554054281443,129.2210206119732
319962.0,0.0,0.0,0.0,0.0
319992.0,191.9987962773396,520.761244034727,689.345988860428,136.84316904179033
320314.0,4744.34706571072,6032.777806981171,2288.1079292089235,1379.2120554323762
320773.0,0.0,0.0,0.0,0.0
321086.0,9012.415619538442,11312.797748186651,10330.39147024936,7583.937673794531
322034.0,2963.644292551727,4211.975760102181,9043.56522344383,1379.2120554323762
324151.0,0.0,0.0,0.0,0.0
325345.0,4663.493604910379,7438.927082223767,10213.9107332525,2761.0958806966482
325473.0,0.0,0.0,0.0,0.0
325846.0,0.0,0.0,0.0,0.0
326942.0,1460.3951301454479,2582.1263277139906,2780.55878195093,657.1428715203415
327592.0,10062.056045588812,12344.246492764016,11721.85918801727,5465.398153803618
328092.0,0.0,0.0,0.0,0.0
329269.0,2147.831028578445,4272.97902298179,732.7131098106888,2159.4477432899366
329558.0,170.37748081154353,182.4985262511729,323.04701299642596,75.24811266337515
329833.0,237.1833618023625,331.89849601130607,179.77281094228408,189.67419638026675
332893.0,104.14791698555821,213.48615464928963,102.41474642254272,0.0
333326.0,532.0509234131873,909.1360008012492,1359.8780970193616,120.29580039053732
333622.0,13884.00083281572,19313.51311002596,4513.608969292322,2628.948174498691
333715.0,6932.249953666922,9659.221828628035,36216.155142570904,0.0
333733.0,0.0,0.0,0.0,0.0
334149.0,392.26643048768864,638.7572161780263,2136.5115570237926,391.56024979560937
334493.0,13884.00083281572,19313.51311002596,3956.3382843218387,3881.9374357271654
334590.0,81.12472570400088,184.63926868252605,101.60061848292929,207.80340725695524
335388.0,13884.00083281572,19313.51311002596,3956.3382843218387,3881.9374357271654
335956.0,2097.1475796762234,3376.3985407108953,5572.5343590741795,2721.6926461854578
336051.0,13884.00083281572,19313.51311002596,3956.3382843218387,3881.9374357271654
336130.0,13884.00083281572,19313.51311002596,3956.3382843218387,3881.9374357271654
337344.0,9694.883694751696,15274.693315112032,6367.422255236071,12758.939191641286
337676.0,13884.00083281572,19313.51311002596,3956.3382843218387,6036.701190882318
338278.0,400.37028287843833,755.3729451613177,429.66124273498326,836.6734983970748
338479.0,164.5460782069668,392.1757778904542,470.0867908801446,183.36240320741874
338861.0,0.0,0.0,0.0,0.0
339058.0,0.0,0.0,0.0,0.0
340394.0,11887.415042655095,18005.309143209273,41408.57313955866,11094.707325567448
340408.0,2527.2168872198654,3693.1860521494445,4760.322306576794,1733.393602670784
340804.0,925.7591079844968,2166.99620540919,732.7131098106888,2059.1735760833762
342485.0,1036.523548840755,1316.1114711035164,1552.4355914644357,1082.60087814485
342618.0,30185.5475764324,37272.37304535668,46439.54039384633,27128.083907272183
342854.0,0.0,0.0,0.0,0.0
342994.0,1066.1421764645402,2179.64773757149,732.7131098106888,2059.1735760833762
343010.0,2322.3222355267753,4293.470233184157,4132.938194263117,2800.6079105080025
343630.0,1721.1904356327814,3298.967114395449,2005.5970124709613,1110.7245788583234
343704.0,4198.361265279311,6635.498318606159,6803.478937883953,24087.850278511778
343749.0,22468.2067826633,32361.49538497166,8609.800994015957,24087.850278511778
343836.0,22468.2067826633,32361.49538497166,8609.800994015957,24087.850278511778
343876.0,6520.17134074403,9925.104689616495,35522.793245872825,5030.142052546827
343947.0,9694.883694751696,15274.693315112032,20735.18552716663,6372.228991883452
344060.0,2322.3222355267753,4293.470233184157,2419.258405252012,1030.4035114701426
344364.0,22468.2067826633,32361.49538497166,8609.800994015957,8619.629965375545
345203.0,0.0,0.0,0.0,0.0
346034.0,41748.860480384625,47203.62612015968,46439.26039384629,23015.682406350676
346586.0,4198.361265279311,6635.498318606159,6803.478937883953,4971.813161402991
346853.0,4969.136563634793,8592.967414550825,9258.221407583998,5231.4832932639665
347766.0,46171.24299035485,50483.894134679584,46439.26039384629,23015.682406350676
347936.0,4969.136563634793,8592.967414550825,13747.78862109153,5231.4832932639665
348243.0,1721.1904356327814,3298.967114395449,2005.5970124709613,2965.801703688229
348528.0,122.59566679073501,288.28861487447716,280.6554054281443,164.5667677819553
348779.0,13462.676064801048,17441.742520758035,20414.482999723175,6696.4887803982765
349083.0,18784.496461781157,24926.792371405954,35522.93324587282,13844.015965029801
349218.0,8041.041783460248,11661.73921013431,35522.81324587282,5019.434113712421
349493.0,0.0,0.0,0.0,0.0
349511.0,172.2668192833007,449.57077989493234,221.57475917837846,68.22778225341932
350092.0,54.69660866278446,82.19988151870322,49.1376710064305,79.74038099670706
350699.0,104.9039855723788,164.27963635563145,237.28136027417935,140.7613218011255
350840.0,14056.898568266426,16124.277140791917,35522.97324587281,8901.531813570067
351441.0,1014.5876792549099,1743.9424560166585,1860.3961421405581,1447.4421475140207
352045.0,0.0,0.0,0.0,0.0
352296.0,0.0,0.0,0.0,0.0
352596.0,808.1757547987447,1376.55348413863,1933.2049778949824,645.2548460259713
353274.0,277.16181853274986,442.5193184764294,1163.3662246284086,133.40571924171766
353320.0,664.072254060504,1165.3808056779635,883.1593672881323,250.11806969709326
353698.0,2773.3734058522,3152.72874273244,2005.5970124709613,1184.783852692127
353766.0,0.0,0.0,0.0,0.0
354931.0,0.0,0.0,0.0,0.0
355185.0,28789.23853225025,32466.680569296936,46439.400393846314,27020.97978626978
355381.0,268.53328738266686,276.3007248160418,110.31300319523805,161.8479248702312
355390.0,2603.201288117773,3637.861534962816,2005.5970124709613,1548.192168731001
355458.0,14759.606822066844,22997.57174112705,35522.87324587282,7320.544512876074
355689.0,7833.510874069008,10606.545844977441,7630.153093663535,7186.695855050498
356513.0,412.3355395707424,977.5470883619876,531.9119447261626,403.0859001428852
356727.0,835.2900545254245,681.6656442438002,904.0353811571842,345.6684063549922
356729.0,16093.034334141514,23610.868012811494,20414.502999723176,4866.016677201179
357136.0,944.9333010459785,967.845886784443,1559.355314010524,789.2342268553741
357369.0,44.55697631469889,39.82008160231602,33.976371928516365,57.148411668216994
357898.0,344.17744975325775,590.6262001159812,510.35907725756806,242.3037522614951
358029.0,914.8868764801847,1495.044318678814,1425.3038871693486,467.583994666199
358213.0,50238.99560130977,56123.310822889645,18135.065063797174,20420.226622640603
358690.0,16093.034334141514,23610.868012811494,26929.240519770974,18342.871222439524
359374.0,55.257621029759015,162.6796193009499,322.81027944613135,286.28439609940324
359441.0,5263.799516147762,5963.559312575052,7630.153093663535,4749.506200501269
359573.0,16093.034334141514,23610.868012811494,26929.240519770974,18342.871222439524
360213.0,12394.275208074183,18556.919373261633,35522.83324587282,15683.592032439508
360226.0,12394.275208074183,18556.919373261633,35522.83324587282,15683.592032439508
360374.0,10114.387927838017,11112.100321470038,8944.720642352639,5782.379448981189
360470.0,0.0,0.0,0.0,0.0
360907.0,13275.768851789886,16943.59947407405,16385.083128500195,6485.27089224498
360993.0,36206.74138156205,54384.29636022356,35522.95324587281,20481.9209584941
361017.0,882.5754997393734,1715.2245015341389,2026.8008398852244,1427.5699392639228
361086.0,12394.275208074183,18556.919373261633,35522.85324587282,8215.206624912122
361337.0,1857.485155064769,3185.0050164581,3982.2188604641906,2085.585677724605
361570.0,10114.387927838017,11112.100321470038,8505.12549966495,3482.9195522578466
361725.0,9440.246088949232,13750.349218616093,6367.4008376528245,5753.284237720226
362201.0,13639.688364308156,19482.317971926084,35522.893245872816,8215.206624912122
362445.0,13639.688364308156,19482.317971926084,35522.893245872816,8215.206624912122
362496.0,52.24830260187351,93.04641731362241,131.41354415537717,103.53511950830983
362585.0,412.3355395707424,977.5470883619876,531.9119447261626,399.7403571707515
362909.0,0.0,0.0,0.0,0.0
363360.0,9757.570334265873,12581.287329444536,6367.4008376528245,5753.284237720226
364409.0,9757.570334265873,12581.287329444536,6367.4008376528245,5753.284237720226
365025.0,7121.7176239432465,10925.156096185448,35522.91324587281,8215.206624912122
365223.0,0.0,0.0,0.0,0.0
365506.0,357.73119401626315,522.0817118455344,464.2108971108323,389.39188453792923
365579.0,9757.570334265873,12581.287329444536,6367.4008376528245,5753.284237720226
366641.0,0.0,0.0,0.0,0.0
367354.0,0.0,0.0,0.0,0.0
367460.0,81.12472570400088,184.63926868252605,101.60061848292929,126.44470606316423
368729.0,19792.70170840332,24586.18056668332,46439.360393794625,12820.416425374022
368930.0,9502.208908613056,10642.155865712417,8573.22698444721,6421.1222213877845
369319.0,126.40384691197198,219.39372415181418,1946.4005369977062,283.9561839615401
369512.0,44.61099022489188,44.07710342184816,88.99909690065331,67.74562631639034
370279.0,27725.814917228287,36839.896843133545,46439.68039384635,16103.366127614438
370571.0,1313.3824210145576,1101.1346158815904,711.4313108308143,798.692130523395
370861.0,3942.205841969827,5692.700972349578,8463.778766988253,2663.125869650175
370868.0,251.66856693027378,289.25496245053716,181.6075464960405,129.53965090735733
371200.0,0.0,0.0,0.0,0.0
371358.0,27725.814917228287,36839.896843133545,35523.013245872804,9246.877984379376
371929.0,1724.6711345430238,3531.1681927109084,2630.012448045239,1632.8677548687156
372117.0,655.0498653500562,1087.648024513919,1673.4840073417367,438.43180129867403
372847.0,1664.3537839852036,2398.0964625869524,789.2369854672294,1948.7878669573045
373623.0,0.0,0.0,0.0,0.0
374005.0,156.60855854485993,209.15732609350857,221.5747781547342,124.54217605614572
374389.0,58.08560923135527,181.2742647794504,73.45581874801611,41.98862981415326
374628.0,633.7745430773833,1029.9121143024,1340.9144868629496,492.5772002417489
375205.0,1857.485155064769,3185.0050164581,2663.4166509991223,1336.0369457129543
375721.0,11748.286002345507,16830.94307822375,13150.973401478961,3361.4563751445594
376429.0,11748.286002345507,16830.94307822375,13150.95340147896,2303.953039473678
376664.0,11748.286002345507,16830.94307822375,13150.95340147896,2303.953039473678
377759.0,703.4802276592061,1077.0299656273598,823.384715336767,100.27110508765723
378035.0,4375.944253878083,8080.139901427155,4916.486358534054,4028.496458978213
378158.0,43.38633771854123,44.1090182166963,40.13760017603552,95.02404994947332
378484.0,5723.446696238541,7015.571290422902,2284.9485018822324,5986.675905709278
378505.0,5723.446696238541,7015.571290422902,2284.9485018822324,5986.675905709278
379290.0,357.73119401626315,522.0817118455344,464.2108971108323,778.827006061038
379712.0,24081.879030593,22862.766276142258,17434.42408512919,8080.056815456188
379977.0,6473.5562102581425,11714.801688746556,6746.707419324855,9131.471510660262
380131.0,21.513756813639702,103.09328356275866,129.87599804136454,88.09787727295137
380468.0,346.7885276663404,651.2261216843486,669.5040908545467,424.6131501826103
380850.0,33916.16341368118,43482.07257655031,30790.119944856124,12550.864297728664
380855.0,10585.573143283777,14382.456341635823,2284.9485018822324,10879.650926936949
380966.0,3025.4116258415297,5853.292571913936,4282.456834603258,3152.679335105301
381308.0,47216.38411028711,66481.01036064938,46439.78039384636,26408.88467164034
381481.0,532.0509234131873,909.1360008012492,363.233601453688,265.1893580349709
382896.0,15533.971017599912,24675.99344911095,9258.241407583999,11313.588720649164
383691.0,9394.92775418032,12275.632809222257,13150.993401478961,6211.663836445111
384296.0,9394.92775418032,12275.632809222257,13150.993401478961,6211.663836445111
384485.0,9394.92775418032,12275.632809222257,13150.993401478961,6211.663836445111
384888.0,9394.92775418032,12275.632809222257,13151.013401478962,14350.763236845627
385489.0,51.22966421234154,44.26275458544502,34.02905090210723,20.603016434250595
385506.0,13922.660255699308,15418.485576844854,35522.973245861554,9390.401048304593
385816.0,101.30995429032589,66.77188606029964,91.92525915709723,73.22270625700746
386637.0,1440.3545945431306,2490.008678450855,2663.4166509991223,925.717048449471
386991.0,0.0,0.0,0.0,0.0
387440.0,0.0,0.0,0.0,0.0
388286.0,5434.587071413516,6468.785565727535,13481.177457402075,3151.854112708899
388467.0,13098.362043790554,16017.349091654054,17488.488400764756,6543.558608937495
390967.0,1440.3545945431306,2490.008678450855,2663.4166509991223,1028.8218052121563
391594.0,4821.861967532265,7067.87943822059,8609.820994015958,3035.1358703030082
392396.0,3932.6478386400927,6467.766056309564,4651.290411160813,4536.501070538835
393259.0,25529.12855888318,32428.554383599254,46439.33039373971,11605.570716341355
393607.0,9179.489039468317,10832.639023122134,17488.488400764756,6543.558608937495
394373.0,126.44903152794375,80.67332583146658,101.4577049612686,126.27572474747473
394432.0,25529.12855888318,32428.554383599254,46439.48039384632,17219.388527471
394628.0,0.0,0.0,0.0,0.0
394880.0,3932.6478386400927,6467.766056309564,4651.290411160813,4536.501070538835
394913.0,6216.656387166136,6637.391800636311,6237.535671661813,8514.889361583038
395589.0,25529.12855888318,32428.554383599254,46439.48039384632,28786.708706449925
396105.0,2359.739782744081,4229.970207032255,6746.665399622424,1351.4648264013385
396346.0,357.73119401626315,522.0817118455344,464.2108971108323,569.9548504574726
396401.0,20804.297457801164,32018.07988521865,8169.970208884806,13231.846257835678
396833.0,0.0,0.0,0.0,0.0
396987.0,2377.6968965386277,4207.011549915145,2897.8979373338416,1235.303119258589
397369.0,25529.12855888318,32428.554383599254,46439.46039384632,28786.708706449925
397725.0,532.0509234131873,909.1360008012492,363.233601453688,206.15116132100735
398313.0,0.0,0.0,0.0,0.0
399286.0,82.01686265896221,135.81008236902238,195.64189929185807,176.10947058179465
399989.0,24464.445252381534,35470.29459667768,35339.63903403179,28101.217800123894
400139.0,13710.57989450977,17496.205214830945,8985.75704356207,10604.659033274007
400272.0,609.217125846688,1008.8790310322142,823.384715336767,1130.2574315615004
400541.0,16424.055649458067,28197.948261869085,35523.053245872805,21618.31120966668
400601.0,0.0,0.0,0.0,0.0
400961.0,16424.055649458067,28197.948261869085,35523.0732458728,21618.31120966668
401012.0,64.04500108289326,173.13308400434386,331.2391155919613,77.95326210493053
401153.0,93.19269617960654,299.8291033117635,92.24390767488009,104.18690407148108
401557.0,3932.6478386400927,6467.766056309564,4262.468632236903,1747.2692420345525
401803.0,6216.656387166136,6637.391800636311,5881.5766845372245,4188.8611165566235
401863.0,2871.1007105731883,4885.02612120181,1683.3791343898658,3421.333662769535
402409.0,29329.217233345928,36049.655194124534,26183.920416987607,28407.122052752897
402434.0,29329.217233345928,36049.655194124534,26183.920416987607,28407.122052752897
402666.0,1289.5603464069295,2247.0502152639556,823.384715336767,1130.2574315615004
404474.0,9789.299063012186,16588.531302214487,14299.235169443058,5470.694675066413
404700.0,6810.814179265014,8359.396427839301,5881.5766845372245,4188.8611165566235
404722.0,43.622504692619536,103.3383652700758,93.75037218579975,69.94337934643994
404834.0,18622.91197579215,25079.043338316285,35523.03324587281,21618.31120966668
404909.0,218.546307926852,389.12472905541284,495.87949839779003,335.34011157331
405452.0,204.20857240851387,550.6972104040666,818.4103637905816,441.97732366265126
405721.0,2166.102597178778,3747.47615339823,561.9167059935093,1105.2363967405345
406536.0,127.06393109983304,268.55461297777117,210.2334972313119,186.48135305815433
406553.0,24201.238619262203,33602.99814285575,35523.0932458728,26500.32755910764
406575.0,101.30995429032589,66.77188606029964,91.92525915709723,81.88250086373768
407264.0,6087.828079704441,7642.746170413702,2826.3128340009894,3576.4043542362488
407430.0,23691.280028923822,28651.166491113105,23865.70266110272,10378.86628230656
407809.0,0.0,0.0,0.0,0.0
408014.0,0.0,0.0,0.0,0.0
408473.0,22991.514224508534,35527.47495495411,35523.1132458728,26500.32755910764
408678.0,0.0,0.0,0.0,0.0
408691.0,1472.083878830649,2357.3071935014027,823.384715336767,1320.0725601647812
409054.0,9051.927510934122,14506.79216568928,19264.369773136565,6391.823875154884
409431.0,4917.705958021578,6708.907354976127,2826.3128340009894,4161.018382800057
409570.0,24464.445252381534,35470.29459667768,21356.241533896853,15871.655967856663
409771.0,2035.6880428315737,3753.5173219738003,561.9167059935093,3102.678945524335
409952.0,2359.739782744081,4229.970207032255,4158.936158926642,3309.1481360313865
410041.0,0.0,0.0,0.0,0.0
410282.0,0.0,0.0,0.0,0.0
410728.0,27.62660306559983,25.702548793504214,75.59140798641057,108.55693852905027
410843.0,30254.532508273347,33898.03991983015,21356.241533896853,15871.655967856663
412278.0,30254.532508273347,33898.03991983015,16812.05605591688,6466.744102931552
412442.0,1907.4907579993167,3343.7462848390974,2663.4166509991223,2447.1808269108355
413238.0,2035.6880428315737,3753.5173219738003,561.9167059935093,2605.1312563861347
414450.0,19.226005718806167,57.34864344332328,42.48573012427796,65.1731947107091
415104.0,3771.3518575722155,5579.437628785043,5075.558549536973,2235.8274999650575
415470.0,7774.35378406457,9042.358357806172,1653.2498173170957,1532.7430926609977
415727.0,678.0444542113469,1067.7366494094872,669.5040908545467,1191.8165136966345
415831.0,0.0,0.0,0.0,0.0
416394.0,2035.6880428315737,3753.5173219738003,561.9167059935093,2605.1312563861347
416793.0,3544.0782123315,5975.578169183483,1903.6798351943257,1788.9892010406322
416938.0,0.0,0.0,0.0,0.0
417195.0,1592.8016064444953,2796.2132948166563,2663.4166509991223,2447.1808269108355
417355.0,1592.8016064444953,2796.2132948166563,2663.4166509991223,2447.1808269108355
417837.0,306.3992004883757,710.2927142184367,678.7303152204101,508.24223862248994
418890.0,14.784654317880948,40.34653586722115,34.679958130525954,41.71596311725285
418945.0,81.12472570400088,184.63926868252605,101.60061848292929,217.5978246072327
419214.0,1731.0938903411588,3020.333371078227,1223.531324050952,1050.5120114020592
419917.0,1731.0938903411588,3020.333371078227,1223.531324050952,1050.5120114020592
420117.0,2035.6880428315737,3753.5173219738003,561.9167059935093,2605.1312563861347
420773.0,21.513756813639702,103.09328356275866,129.87599804136454,37.211265083976926
420851.0,65.83164933385262,119.31659434635449,341.83655576352226,0.0
422334.0,1592.8016064444953,2796.2132948166563,2663.4166509991223,356.78316118056915
422563.0,36.47475080415512,74.73685761097019,64.60668304757793,90.9515669111863
422765.0,0.0,0.0,0.0,0.0
422899.0,18089.19475083764,26098.3159037328,30908.058902405348,11873.795642000918
423037.0,1535.9938479639256,2810.726768349619,3687.9907039586974,928.7339963627907
423087.0,4124.764679976418,7288.796026989063,5346.205278005862,3972.2379276171264
423123.0,685.7459701202156,1126.6903354894564,1661.1107340102783,4482.591544631297
424129.0,10307.053037885717,17519.063271174167,9258.261407583997,12714.22261154806
424237.0,602.0193936150711,1156.952871952871,1180.4993507448996,997.9330047252672
424475.0,226.17547631537252,434.9460219360965,71.77238814272279,715.7015053777657
424610.0,1605.1596230584735,2626.2083173563724,2024.1951708061672,1202.948356497485
424697.0,1470.273243480126,3501.463758609279,5881.556684537225,1590.191207748301
424854.0,451.7847811941494,1017.0785492690293,886.2181438784193,737.9010470245994
425096.0,0.0,0.0,0.0,0.0
425192.0,0.0,0.0,0.0,0.0
425332.0,9811.374679067336,10876.23851731461,6055.396545655623,2062.762257459642
426314.0,145.4675254920551,203.87185794176358,156.19490688125845,147.87923979247392
426556.0,547.8931489528529,995.5707846571703,363.233601453688,376.2820382824564
426704.0,1402.4938025186318,2243.6239527797593,823.384715336767,1206.1097408942521
426801.0,0.0,0.0,0.0,0.0
427198.0,383.35531150853336,755.9553627749218,704.0306834422965,340.68779162599884
427986.0,1095.3234804182955,1757.1014458383236,2663.4166509991223,2062.762257459642
428114.0,1249.0262814814541,2526.1240674798732,2390.678748236328,1884.5326100813431
428336.0,2610.857576087811,3506.448081168911,3870.245850556743,3004.617258021394
428518.0,579.7240854672925,352.70280862372465,1602.9041329687705,144.00511129262043
428647.0,1157.2921900313868,2161.0649088295368,2373.1945594179624,0.0
429030.0,929.4476410792963,670.3005727958076,979.8533777414807,516.1610971780032
429368.0,0.0,0.0,0.0,0.0
429449.0,0.0,0.0,0.0,0.0
430220.0,2610.857576087811,3506.448081168911,3870.245850556743,3004.617258021394
430472.0,4120.276986046161,7572.652045523857,3931.209589887371,4631.898575087757
432246.0,7235.70982377064,13877.087252635178,9258.201407584,2110.2079008950755
432443.0,5962.130382192141,10916.547424873825,9258.281407583998,5622.679411668427
432891.0,0.0,0.0,0.0,0.0
433927.0,167.2235108105108,399.8161932373977,469.4934680536543,120.16719900039278
434333.0,547.8931489528529,995.5707846571703,363.233601453688,394.4056249662269
434877.0,90.79452486595615,290.1544047976782,278.2356873410515,192.82610891681657
435290.0,0.0,0.0,5346.205278005862,0.0
435514.0,2377.6968965386277,4207.011549915145,5881.596684537224,2125.5488518027523
435572.0,3764.402287862544,7344.805936090341,3687.9907039586974,1159.9604692660866
435926.0,16898.007361886197,23811.04012202293,9963.04433302697,8003.325597275172
435990.0,0.0,0.0,0.0,0.0
437302.0,123.62110864638844,211.00185439492225,286.3815729309593,386.34848953761934
437625.0,2214.1085713095613,3412.7770494582173,2722.1837745299486,1584.180343458408
438215.0,387.54874518453676,953.3674062193601,128.7226151061193,413.2541897391967
438266.0,97.99463803387607,93.77172746519575,125.94205481776352,79.75511732547322
438354.0,7377.642942373987,10169.976333355467,4651.281247074174,9320.850649431091
438361.0,1249.0262814814541,2526.1240674798732,1877.0278538968853,1458.3032329388839
439189.0,1178.1908547763487,1647.2879487531418,3935.0984091276932,2365.2877015492218
439307.0,235.97098221127496,520.309964845249,650.9514021139594,279.3268396753166
440307.0,2452.318482025755,3892.0551748878515,4033.192753719624,939.3203966166177
440632.0,0.0,0.0,0.0,0.0
441003.0,218.546307926852,389.12472905541284,495.87949839779003,547.6974659791662
441295.0,7377.642942373987,10169.976333355467,4651.281247074174,9320.850649431091
441920.0,1595.5671026883076,3428.4281634731415,3349.183985807583,1773.031015120717
441934.0,1764.671939249402,2961.7479897770418,565.9252747092258,969.4370421125861
441971.0,1383.7326942529676,2963.2460049640185,1874.132283601584,1578.361518116176
442350.0,18452.44847225511,26009.491788429546,16980.297200135436,14424.47768343797
442803.0,93.19269617960654,299.8291033117635,92.24390767488009,53.37005286010124
443265.0,2730.72145478853,4443.234362553589,3009.1967507324275,1127.5350944959541
443318.0,353.999428028703,565.8299066944978,315.44366460517944,250.67878278187007
443330.0,547.8931489528529,995.5707846571703,363.233601453688,283.3712422106379
443476.0,2182.560097324539,4140.169556047742,3126.5775968628795,1426.8069890493248
443505.0,556.6735078766262,1035.5359756580606,2696.9326857367823,637.8487620118111
443855.0,2234.519915130374,4424.758212825483,7379.25425541651,1623.0195730181445
444014.0,17789.19170845497,23871.14425513951,8927.741404432281,12624.177535071345
444474.0,9520.26013056295,12384.381875880923,10308.165954320837,6588.02153609109
444786.0,2182.560097324539,4140.169556047742,3126.5775968628795,2487.721783881791
445286.0,21094.039610728396,27019.56907271036,6921.222792992976,12624.177535071345
445507.0,0.0,0.0,0.0,0.0
445751.0,31868.10140841035,35786.24409924366,46439.74039384636,29552.04193537225
446290.0,700.946719090469,1332.0128501922131,2564.8048488230047,590.9165322784597
446303.0,9520.26013056295,12384.381875880923,10308.165954320837,6588.02153609109
446698.0,0.0,0.0,0.0,0.0
446857.0,2062.005353125087,2682.355912227012,2663.4166509991223,1060.2613388028444
447028.0,271.1431200714905,673.633836267396,128.7226151061193,464.7775236562112
447110.0,0.0,0.0,0.0,0.0
448037.0,31868.10140841035,35786.24409924366,46439.74039384636,29552.04193537225
448068.0,0.0,0.0,0.0,0.0
448072.0,1764.671939249402,2961.7479897770418,1381.3413833373409,489.27824748091956
449165.0,0.0,0.0,0.0,0.0
449404.0,25449.655517417174,28066.283157300986,6921.222792992976,12624.177535071345
449594.0,0.0,0.0,1023.6324814527791,0.0
449651.0,93.76880985510198,143.12370616550032,160.78670743333635,0.0
449657.0,25449.655517417174,28066.283157300986,6921.222792992976,12624.177535071345
450024.0,156.60855854485993,209.15732609350857,221.5747781547342,220.92634510578404
450547.0,89.10129926655958,114.65109518697918,316.8662840463782,120.0393670426498
450626.0,25449.655517417174,28066.283157300986,12186.008941311387,3650.725685257659
451752.0,25449.655517417174,28066.283157300986,16813.070653474224,16790.049561272892
452019.0,30003.48281253881,35048.41173089533,40616.098206361414,19186.523451631354
452335.0,2604.100905840322,4023.366694291722,2335.593212592398,438.0352479766897
453599.0,2912.810355297341,3975.5574363281125,3755.005003523463,1993.9799963891314
453974.0,20839.65929436265,23486.93620526526,46439.50039384633,19892.893193298958
454515.0,267.904239098795,612.8270515944326,128.7226151061193,845.1054042691952
455248.0,29531.796699204613,40501.17135537773,21044.578436494925,18494.4587349833
455713.0,12513.982541276107,18162.360928387836,8641.89360460092,4249.571443098704
455746.0,21.513756813639702,103.09328356275866,129.87599804136454,121.71173789737784
455784.0,0.0,0.0,0.0,0.0
456309.0,19564.002840462494,30206.53162835706,46439.56039384633,23659.568015287176
457596.0,8764.71794714337,13541.96729022303,9295.743573494485,3943.335641851959
457662.0,19564.002840462494,30206.53162835706,30786.271758346647,9195.38697652252
458588.0,762.0461624949953,1138.7289701527216,1381.3413833373409,738.3161941607403
458631.0,33028.56429025483,39473.33039295685,20409.23257580087,10268.39783807581
458656.0,587.4339192204231,915.3154086153721,561.9167059935093,564.9862677446241
458830.0,2502.7159770938324,4680.431791410765,8641.93360460092,2711.947819557006
459137.0,4648.033367967993,6354.0340254623625,10518.633161676293,3846.1111664901214
459170.0,743.111070478547,1216.0214799631265,799.907682213722,606.4505648443243
459717.0,34954.99442278604,39976.62744785944,10022.826533444291,10392.386072505198
459910.0,5282.138915796497,10008.6703284572,8641.91360460092,3444.3887321990824
459980.0,151.44109461147607,256.93868681109285,132.4705416213642,136.1846960741184
460176.0,1692.6868669629503,2431.6099288008436,4680.488850920731,1895.053203039429
460868.0,360.3333795534407,558.3055328637473,308.3969780986268,262.133829224692
460961.0,34954.99442278604,39976.62744785944,18730.637143918928,10392.386072505198
461082.0,0.0,0.0,0.0,0.0
462042.0,34954.99442278604,39976.62744785944,15705.372069971065,10392.386072505198
462648.0,1918.2898978085782,2430.9766891594677,4033.192753719624,905.9485015827335
462738.0,404.2096160651929,455.24381435347027,372.9345803135026,228.62412948768116
462799.0,161.1653830338067,275.26764392975997,385.17474592588525,360.619905776151
462848.0,26458.513060030484,34785.93796989376,12914.955302030781,10392.386072505198
464609.0,9376.744385972434,12275.325710859863,5166.317683056762,17589.049694625344
464646.0,891.313068148904,1825.2316273817453,2106.4028767472732,708.0698044684578
464655.0,72.97742955997536,80.8496301952836,96.03082690801602,86.6059123201182
465039.0,60.75480728294246,50.18287508431373,314.0129235256286,105.23124373682941
465653.0,470.8628231406838,617.2630725223704,142.4451557784311,1509.596364373603
465943.0,22859.431293126083,31930.577754390342,46439.64039384635,29565.25794915377
466206.0,1597.765442125195,2393.506674883841,698.8160090265403,1018.5246885962068
466768.0,754.9593503884316,1457.172313709297,1764.2106973028922,1939.0479593088976
466849.0,10320.58731423906,12422.540940742609,5166.317683056762,17589.049694625344
466995.0,4349.2668227044815,5234.684523653502,999.8146602736578,1035.6951455326998
467033.0,973.1649541880189,1528.8543183609531,854.9122239485978,502.7918782219935
467206.0,973.1649541880189,1528.8543183609531,854.9122239485978,502.7918782219935
467370.0,419.5166806574467,832.4737565170979,456.2835073427104,598.1578191748395
467405.0,1118.0521261434644,993.8671825273974,219.85407844261402,576.2899457738266
468364.0,1692.6868669629503,2431.6099288008436,4680.488850920731,697.8446545256329
468756.0,4346.098632048343,7176.676346732501,3935.0984091276932,6851.979749532248
468823.0,0.0,0.0,0.0,0.0
468952.0,4346.098632048343,7176.676346732501,3935.0984091276932,6851.979749532248
469129.0,18389.231242735248,32396.528382742814,46439.52039384633,13303.868168544066
469150.0,0.0,0.0,0.0,0.0
469243.0,22437.10925310848,34642.10069666023,18915.695664554936,10837.076390152466
469504.0,18389.231242735248,32396.528382742814,46439.52039384633,20169.163777906113
469658.0,0.0,0.0,0.0,0.0
470633.0,6911.671325624528,12792.271185662756,30786.402518918952,8587.506108469443
471084.0,2336.3380009148186,4936.975219044015,2820.677219652436,834.4997241161916
471492.0,5472.514971620379,8714.317551786693,2912.3916915042214,3893.1612343698275
471970.0,22437.10925310848,34642.10069666023,9315.452773363735,15247.484277611176
472336.0,51.56895880162268,82.13820918339955,64.15733436492346,53.34355531177126
473129.0,1379.852229517105,2587.108426546776,2153.542014479082,1120.3648593203911
473232.0,0.0,0.0,0.0,0.0
474281.0,109.28913046477332,168.33398100702877,241.4229167774913,142.9818902518777
474347.0,257.4135458615161,520.6399718274016,128.7226151061193,555.1356963707161
475235.0,3618.6979284978765,6429.678733751594,2564.8048488230047,855.1585490889979
475824.0,16557.61685815348,19612.58807259664,4622.4448725798975,19471.407805240997
475877.0,9940.172762114997,20781.59243842851,46439.440393846315,13906.786768588925
476109.0,16557.61685815348,19612.58807259664,4622.4448725798975,19471.407805240997
476625.0,191.9987962773396,520.761244034727,219.13533958234117,441.9292884614008
476769.0,472.3953061715021,1133.4856932164776,688.7469822194047,318.04487236866436
477633.0,738.6248039027691,1207.6134144323623,1291.6246844779598,548.0407583109125
477677.0,1578.9877205364521,2322.9302226315963,2564.8048488230047,2010.6810327150351
478403.0,2079.3610051629416,2149.5249384358467,3451.693173404915,1233.9084956349072
478652.0,237.1833618023625,331.89849601130607,491.12196199809193,1600.7086512354458
478788.0,408.1056276252976,605.9189828079955,175.3060328803233,308.8591674501503
479638.0,20511.705223568573,34823.17501689975,46439.76039384636,29441.159299355044
479664.0,16557.61685815348,19612.58807259664,16526.867124420736,19471.407805240997
480153.0,73.71005929145205,251.13785007804765,158.5346417177032,138.89844191170755
480220.0,11395.443733786984,13980.888190550204,16526.867124420736,19471.407805240997
480638.0,0.0,0.0,0.0,0.0
480793.0,5201.190353754247,6689.172163454455,4944.23957409775,7361.41705298647
480834.0,5201.190353754247,6689.172163454455,4944.23957409775,7361.41705298647
481044.0,1578.9877205364521,2322.9302226315963,2564.8048488230047,2010.6810327150351
482268.0,20511.705223568573,34823.17501689975,35523.1332458728,7952.385397099414
482681.0,2285.871899825333,3793.4095675955023,4680.528411969056,2188.661575118456
482702.0,2496.045423022451,3525.0492847156306,3565.378196149451,7135.62803570926
482822.0,2021.242614205389,3132.131460910582,2377.5717006809714,524.830882046779
483010.0,522.8608784712211,934.4264944594104,526.1528939291029,728.0767589615809
483336.0,93.19269617960654,299.8291033117635,92.24390767488009,42.150503235785926
483347.0,83.5494410575321,204.20370817172426,225.83318657260784,545.7661528759364
483733.0,728.9894610185207,1039.3885430223215,1610.0303395157953,966.4145599793084
484334.0,0.0,0.0,0.0,0.0
485406.0,23783.290691364895,40129.73232504485,28090.810825964152,15923.957766522744
485415.0,849.1212046948245,990.7543624436086,469.72363490467404,787.327395420736
485887.0,0.0,0.0,0.0,0.0
486758.0,432.7698720615021,1390.9896407278768,764.7823961795677,456.0273518112702
486997.0,23783.290691364895,40129.73232504485,21292.299830304513,8805.26311106034
487125.0,6285.376216878325,9661.903566239189,8759.420844777387,3782.6684154178784
487243.0,0.0,0.0,0.0,0.0
487356.0,22417.395506569563,32612.410173878496,18208.499601659645,18306.54423147635
487794.0,87.75226862587097,134.63414476907852,84.02265889320823,333.8538827750847
488209.0,23783.290691364895,40129.73232504485,46439.72039384636,17075.205450623427
488457.0,694.7884057463692,974.4392465423946,1999.4691481069162,1156.109114469737
488656.0,62.85228655935651,82.43306456080808,151.8122086670425,218.17453076608186
488930.0,2021.242614205389,3132.131460910582,5604.7231307066195,759.3115564904831
489036.0,8053.730273388421,9863.98658824203,9184.81721014927,3833.004354210937
489609.0,3379.4016330739732,5861.559562193099,1262.6648403009485,4094.012837058526
489853.0,8364.939578223137,10450.562007092325,9184.81721014927,3833.004354210937
490223.0,0.0,0.0,0.0,0.0
490359.0,556.6735078766262,1035.5359756580606,635.20316453592,886.659831840825
491275.0,0.0,0.0,0.0,0.0
491860.0,27485.183156645562,31338.43520650869,6841.123346221609,15664.22214107678
492011.0,221.50871017543076,484.23097642062163,127.10335148254467,70.67335968382994
493438.0,1234.1594910251988,2103.9572639561557,2395.042480196871,2189.7115234203798
493487.0,24558.876685233034,31065.493349903893,9466.921948348228,10684.303132399416
493659.0,39.53273687916851,101.82100111879484,130.6949695573251,120.64175835257043
493917.0,8364.939578223137,10450.562007092325,26322.997970614204,5019.100964485572
494456.0,24558.876685233034,31065.493349903893,4037.263008541752,4395.3347892964875
494698.0,526.058198852109,974.5121706066848,445.7065974686704,1304.2140600683617
494958.0,373.52352570874604,1203.5170703107576,764.7823961795677,453.6613330778809
497143.0,0.0,0.0,0.0,0.0
497455.0,2626.7170454157867,3305.55449060432,834.6967260424027,1858.102433236661
498756.0,0.0,0.0,0.0,0.0
498900.0,8757.16055408381,10811.891589351815,12068.55857641796,2223.0103950499197
499591.0,12855.894583258521,25742.256453828897,15161.45981892948,21029.46832518597
